Genome	12C16O_0h_100_P08_unf_init RPKM	12C16O_0h_100_P14_unf_init RPKM	12C16O_0h_100_P16_unf_init RPKM	12C16O_0h_50_P09_unf_init RPKM	12C16O_0h_50_P10_unf_init RPKM	12C16O_0h_50_P13_unf_init RPKM	12C16O_168h_100_P08_unf_init RPKM	12C16O_168h_100_P14_unf_init RPKM	12C16O_168h_100_P16_unf_init RPKM	12C16O_168h_50_P09_unf_init RPKM	12C16O_168h_50_P10_unf_init RPKM	12C16O_168h_50_P13_unf_init RPKM	12C16O_24h_100_P08_unf_init RPKM	12C16O_24h_100_P14_unf_init RPKM	12C16O_24h_100_P16_unf_init RPKM	12C16O_48h_100_P08_unf_init RPKM	12C16O_48h_100_P14_unf_init RPKM	12C16O_48h_100_P16_unf_init RPKM	12C16O_48h_50_P09_unf_init RPKM	12C16O_48h_50_P10_unf_init RPKM	12C16O_48h_50_P13_unf_init RPKM	12C16O_72h_100_P08_unf_init RPKM	12C16O_72h_100_P14_unf_init RPKM	12C16O_72h_100_P16_unf_init RPKM
12C16O_24h_100_unf_bin.14	0	0	1.046765	0	1.2736307	1.3603716	0	1.1021307	0	0	1.117254	1.2232902	1.3478384	1.2223716	1.6293145	0	1.1945819	0	0	1.1814245	1.1837023	0	1.1988772	0
12C18O_24h_100_P08_coass_bin.11	0	0	0	0	0	0	0	0	0	0	0	0	0	0	0	0	0	0	0	0	0	0	0	0
12C18O_168h_50_P09_coass_bin.11	0	0	0	1.2778914	0	0	0	0	0	0.90003055	0	0	0	0	0	0	0	0	1.1273798	0	0	0	0	0
12C18O_168h_100_P16_coass_bin.14	0	0	0	0	0	0	0	0	0	0	0	0	0	0	0	0	0	0	0	0	0	0	0	0
H2-18-all-fractions_metab_conc_56.Bacteria_56_17	0	0	0	0	0	0	0	0	0	0	0	0	0	0	0	0	0	0	0	0	0	0	0	0
12C16O_168h_100_P14_coass_bin.4	0	0	0	0	0	0	0	0	0	0	0	0	0	0	0	0	0	0	0	0	0	0	0	0
12C18O_72h_100_P08_coass_bin.28	0	0	0	0	0	0	0	0	0	0	0	0	0	0	0	0	0	0	0	0	0	0	0	0
H2-18-all-fractions_metab_63.Massilia_66_19	0	0	0	0	0	0	0	0	0	0	0	0	0	0	0	0	0	1.4104693	0	0	0	0	0	0
12C16O_48h_50_P10_coass_bin.22	0	0	0	0	0	0	0	0	0	0	0	0	0	0	0	0	0	0	0	0	0	0	0	0
H2-18-all-fractions_metab_conc_45.Bacteria_60_9	0	0	0	0	0	0	0	0	0	0	0	0	0	0	0	0	0	0	0	0	0	0	0	0
12C16O_168h_100_unf_bin.3	0	0	0	0	0	0	0	0	0	0	0	0	0	0	0	0	0	0	0	0	0	0	0	0
12C16O_24h_100_P14_coass_bin.5	0	0	0	0	0	0	0	0	0	0	0	0	0	0	0	0	0	0	0	0	0	0	0	0
12C18O_72h_100_P14_coass_bin.17	0	0	0	0	0	0	0	0	0	0	0	0	0	0	0	0	0	0	0	0	0	0	0	0
12C16O_0h_100_P08_coass_bin.13	3.3797867	1.666537	1.7672273	0.8771047	0.66532445	1.2111087	1.4281558	1.4767357	1.7331221	1.0194618	0	1.045309	1.3890547	1.3227593	1.4834616	1.125196	1.2242167	1.087487	0.88000005	0	0.82879966	1.2060351	1.4144108	1.3388299
12C16O_48h_50_unf_bin.45	0	0	0	0	0	0	0	0	0	0	0	0	0	0	0	0	0	0	0	0	0	0	0	0
12C16O_48h_50_unf_bin.7	0	0	0	0	0	0	0	0	0	0	0.5510031	0.7279191	0	0	0	0	0	0	0	0.9516545	1.0161247	0	0	0
12C16O_48h_50_P13_coass_bin.31	0	0	0	0	0	0	0	0	0	0	0	0	0	0	0	0	0	0	0	0	0	0	0	0
12C18O_24h_100_P08_coass_bin.29	0	0	0	0	1.3458279	0	0	0	0	0	1.2536978	0	0	0	0	0	0	0	0	1.5156294	1.2641661	0	0	0
H1-18-all-fractions_metab_conc_80.Solirubrobacterales_69_26	0	0	0	0	1.3406483	1.3650588	0	0	0	0	0	0	0	0	0	0	0	0	0	0	0	0	0	0
12C16O_48h_100_P14_coass_bin.13	0	0	0	0	0	0	0	0	0	0	0	0	0	0	0	0	0	0	0	0	0	0	0	0
12C18O_168h_100_P08_coass_bin.2	0	0	0	0	0	0	0	0	0	0	0	0	0	0	0	0	0	0	0	0	0	0	0	0
H2-16-all-fractions_metab_56.Actinobacteria_73_59	0	0	0	0	0	0	0	0	0	0	0	0	0	0	0	0	0	0	0	0	0	0	0	0
12C18O_72h_100_P16_coass_bin.10	0	0	0	0	0	0	0	0	0	0	0	0	0	0	0	0	0	0	0	0	0	0	0	0
H3-16-all-fractions_metab_147.Actinobacteria_71_0	0	0	0	0	0	0	0	0	0	0	0	0	0	0	0	0	0	0	0	0	0	0	0	0
12C16O_72h_100_unf_bin.38	0	0	0	0	0	0	0	0	0	0	0	0	0	0	0	0	0	0	0	0	0	0	0	0
H1-16-all-fractions_metab_conc_39.Actinobacteria_66_10	0	0	0	0	0	0	0	0	0	0	0	0	0	0	0	0	0	0	0	0	0	0	0	0
12C18O_24h_100_P14_coass_bin.16	0	0	0	0	0	0	0	0	0	0	0	0	0	0	0	0	0	0	0	0	0	0	0	0
12C16O_72h_100_P08_coass_bin.29	0	0	0	0	0	0	0.8565645	0	0.92204106	1.111411	0	0	0	0	0	0	0	0	0	0	0	0	0	0
12C18O_48h_100_P08_coass_bin.15	0	0	0	0	0	0	0	0	0	0	0	0	0	0	0	0	0	0	0	0	0	0	0	0
H3-18-all-fractions_metab_conc_6.Bacteria_64_56	0.7673401	0	0	0.6602533	0	0	1.7267731	0	0.76397365	1.4060985	0.8282601	0	1.5435138	0	0	1.4152739	0	0	1.0940287	0	0.6584556	1.3160254	0	0
H2-16-all-fractions_metab_126.Actinobacteria_69_30	0	0	0	0	0	0	0	0	0	0	0	0	0	0	0	0	0	0	0	0	0	0	0	0
12C16O_24h_100_P08_coass_bin.11	1.5720222	2.1329434	1.5686508	1.8218768	1.9875367	2.13578	0	1.3327388	0	1.0228108	1.2464998	1.3089094	0	1.2455815	1.5111701	0	1.439202	0	1.1769693	1.460416	1.5437919	1.1573685	1.4018202	1.1546698
12C18O_168h_100_P14_coass_bin.4	0	0	0	0	0	0	0	0	0	0	0	0	0	0	0	0	0	0	0	0	0	0	0	0
12C18O_24h_100_P16_coass_bin.28	0	0	0	0	0	0	0	0	0	0	0	0	0	0	0	0	0	0	0	0	0	0	0	0
H1-16-all-fractions_metab_48.Actinobacteria_68_21	0	0	0	0	0	0	0	0	0	0	0	0	0	0	0	0	0	0	0	0	0	0	0	0
H3-16-all-fractions_metab_conc_113.RIFCSPLOWO2_12_FULL_Bacteroidetes_35_15_curated_45_0	0	0	0	0	0	0	0	0	0	0	0	0	0	0	0	0	0	0	0	0	0	0	0	0
12C18O_24h_100_P14_coass_bin.17	0	0	0	0	0	0	0	0	0	0	0	0	0	0	0	0	0	0	0	0	0	0	0	0
H1-18-all-fractions_metab_conc_71.Actinobacteria_71_26	2.790486	4.061471	2.5778	3.3293808	0	2.5254598	2.0604243	2.5291755	1.601717	2.0100687	0	1.5041443	2.4206095	2.1961176	2.8769124	2.2001693	2.7327774	1.8045921	2.2759736	0	1.688698	2.1945426	2.6128192	1.9705626
12C16O_48h_50_P13_coass_bin.30	1.8643342	2.1369152	1.5520707	2.0976593	0	0	0	0	0	1.3101056	0	0	0	0	0	0	0	0	1.6026977	0	0	0	0	0
12C16O_0h_100_P14_coass_bin.15	0.9331525	0.93946475	0.7818704	0.7092064	1.327755	1.3122218	1.2088879	1.0786843	1.0327305	1.0514218	1.4414247	1.5263691	1.0752431	0.82208735	0.9748905	1.0690145	0.92745537	0.8674841	0.84857774	1.5047309	1.4602082	1.1215391	0.975398	0.8330888
12C16O_72h_100_unf_bin.16	0	0	0	0	0	0	0	0	0	0	0.67223114	0.9164369	0	0	0	0	0	0	0	0	0	0	0	0
12C18O_48h_100_P08_coass_bin.2	0	0	0	0	0	0	0	0	0	0	0	0	0	0	0	0	0	0	0	0	0	0	0	0
H1-18-all-fractions_metab_conc_62.Sphingomonadales_68_16	0	0	0	0	0	0	0	0	0	0	0	0	0	0	0	0	0	0	0	0	0	0	0	0
12C18O_24h_100_P08_coass_bin.28	0	0	0	0	0	0	0	0	0	0	0	0	0	0	0	0	0	0	0	0	0	0	0	0
12C16O_168h_100_P14_coass_bin.32	2.8087044	2.2729406	1.989244	2.8462765	1.3795573	1.6799523	2.0486832	1.5137008	1.327897	1.7439435	0.9570805	1.1231629	2.501569	1.7549598	1.7333779	2.3361423	1.6780715	1.517164	2.1397984	1.1145378	1.2418628	2.2443583	1.5569141	1.5540103
H2-18-all-fractions_metab_conc_98.Propionibacteriales_71_10	0	0	0	0	0	0	0	0	0	0	0	0	0	0	0	0	0	0	0	0	0	0	0	0
12C16O_0h_50_P13_coass_bin.10	2.099868	1.9549121	1.9216156	1.9055178	2.1881955	1.8028748	1.6231569	1.2417998	1.5205939	1.3311296	1.456826	1.2204652	2.305409	1.959929	1.5902202	2.100371	1.5550578	1.7766756	1.7280278	1.8673018	1.303517	1.9671104	1.4961354	1.7032135
12C16O_168h_50_P13_coass_bin.1	0	0	0	0	0	0	0	0	0	0	0	0	0	0	0	0	0	0	0	0	0	0	0	0
12C16O_0h_50_P10_coass_bin.14	0.93139976	0	0.9825075	1.4650391	1.5602573	0.8645722	1.3694539	1.2913381	1.2970839	1.7232875	1.8479186	0.9186789	1.4875786	1.34902	1.7356359	1.4671929	1.3538549	1.5485533	1.8358673	2.1224065	0.92904043	1.2432423	1.3553429	1.3128524
12C16O_48h_50_P13_coass_bin.27	0	0	0	0	0	0	0	0	0	0	0.7290315	0.9937325	0	0	0	0	0	0	0	0	0	0	0	0
12C16O_72h_100_P08_coass_bin.10	0	0	0	0	0	0	0	0	0	0	0	0	0	0	0	0	0	0	0	0	0	0	0	0
12C18O_24h_100_P16_coass_bin.10	0	0	0	0	0	0	0	0	0	0	0	0	0	0	0	0	0	0	0	0	0	0	0	0
12C16O_168h_50_unf_bin.37	0	0	0	0	0	0	0	0	0	0	0	0	0	0	0	0	0	0	0	0	0	0	0	0
H2-16-all-fractions_metab_75.Sphingomonadales_65_38	0	0	0	0	0	0	2.074187	1.5977445	2.4323552	2.3881404	1.1032388	1.836944	0	0	0	1.1290226	1.0551956	1.2982266	1.2557234	0	1.4015402	1.4395212	1.1042084	1.3820829
12C16O_48h_50_unf_bin.44	0	0	0	0	0	0	1.1211113	0.9812917	1.3948281	1.5277497	1.0832573	1.3462234	0	0	0	0	0	0.6540831	0.9704115	1.3504896	1.1876987	0.8153233	0.7596529	0.8152614
H1-16-all-fractions_metab_conc_6.Bacteria_69_19	0.7568064	1.4760588	0.8457497	1.0856174	0	0	0	1.2768329	0	0.9218947	0	0	0	0	1.2225412	0	1.2185011	0	0.7960327	0	0	0	1.1732064	0
12C18O_24h_100_P08_coass_bin.10	0	0	0	0	0	0	0	0	0	0	0	0	0	0	0	0	0	0	0	0	0	0	0	0
12C18O_24h_100_P14_coass_bin.5	0	0	0	0	0	0	0	0	0	0	0	0	0	0	0	0	0	0	0	0	0	0	0	0
12C16O_168h_100_P14_coass_bin.5	0	0	0	0	0	0	0	0	0	0	0.76035756	0	0	0.7686819	0.7595764	0	0.76771194	0.70775217	0	1.043636	0	0	0	0
H3-18-all-fractions_metab_conc_87.Bacteria_55_12	0	0	0	0.75850284	0	0	0	0	0	0.6162942	0	0	0	0	0	0	0	0	0.6097392	0	0	0	0	0
12C16O_0h_100_P16_coass_bin.12	0	0	0	0	0	0	0	0	0	0	0	0	0	0	0	0	0	0	0	0	0	0	0	0
H1-18-all-fractions_metab_conc_20.Bacteria_57_11	0	0	0	0	0	0	0	0	0	0	0	0	0	0	0	0	0	0	0	0	0	0	0	0
12C16O_168h_50_unf_bin.47	0	0	0	0	0	0	0	0	0	0	0.8319237	0	0	0	0	0	0	0	0	0	0	0	0	0
12C16O_0h_50_unf_bin.17	0.64738417	0	0.73856425	0	1.4931335	1.6230464	0	0.95146555	0.65086484	0	0.9109499	1.0405757	0	0.68162626	0.9792648	0.67505753	1.0120015	0.74460816	0	0.90812844	0.9769762	0	0.9539068	0.63220215
12C16O_48h_50_P13_coass_bin.25	0	0	0	0	0	0	0	0	0	0	0	0	0	0	0	0	0	0	0	0	0	0	0	0
12C16O_0h_50_P13_coass_bin.12	2.6003253	4.024424	4.061101	2.3361688	3.7911825	4.205806	2.455688	3.0733953	3.0844107	1.7943325	3.3198116	3.3849213	2.6368687	3.4326181	3.4794304	2.7295947	3.5751748	3.5316925	2.0511923	3.851323	3.7322068	2.4419875	2.8612907	3.3713717
12C18O_168h_50_P13_coass_bin.25	0	0	0	0	0	0	0	0	0	0	0	0	0	0	0	0	0	0	0	0	0	0	0	0
12C16O_24h_100_P16_coass_bin.1	0	0	0	0	0	0	0	0	0	0	0	0	0	0	0	0	0	0	0	0	0	0	0	0
H1-18-all-fractions_metab_conc_17.Bacteria_55_30	0.94871134	0	0.8740626	1.3838917	0	0	0.9854875	0	0.8282554	1.1409494	0	0	1.1547183	0.9414593	0.7614799	0.97579336	0	0.8723514	1.1400584	0	0	0.93983597	0.5981531	0.8648329
12C16O_168h_50_P10_coass_bin.18	0	0	0	0	0	0	0	0	0	0	0	0	0	0	0	0	0	0	0	0	0	0	0	0
12C16O_168h_100_P14_coass_bin.7	1.0898415	0	1.0340427	1.0193694	1.2011789	0.9952908	0	0	0	0.7153295	0.8085671	0	1.2097361	1.0461925	0	1.1024122	0.8681232	0.95734394	0.91838247	1.0349451	0	1.039068	0.82933825	0.92576057
12C16O_48h_100_P08_coass_bin.17	0	0	0	0	0	0	0	0	0	0	0	0	0	0	0	0	0	0	0	0	0	0	0	0
12C18O_168h_50_P13_coass_bin.2	0	0	0	0	0	0	0	0	0	0	0	0	0	0	0	0	0	0	0	0	0	0	0	0
H2-16-all-fractions_metab_121.Acidobacteria_65_12	0	0	0	0	0	0	0	0	0	0	0	0	0	0	0	0	0	0	0	0	0	0	0	0
12C16O_48h_100_unf_bin.21	0	0	0	0	0	0	0	0	0	0	0	0	0	0	0	0	0	0	0	0	0	0	0	0
12C16O_48h_100_P14_coass_bin.6	0.85357434	1.036337	1.0585986	0.93861246	0.8083082	1.0470628	5.399749	4.1975646	6.656194	6.2189646	2.7467208	4.179621	1.906183	2.3336546	2.2515988	3.061847	3.003901	3.756274	3.4450045	3.1059318	3.2039363	3.9312658	3.0260584	3.9720247
H1-18-all-fractions_metab_8.Bdellovibrionales_52_9	0	0	0	0	0	0	0	0	0	0	0	0	0	0	0	0	0	0	0	0	0	0	0	0
H1-16-all-fractions_conc_93.Chloroflexi_54_9	0	0	0	0	0	0	0	0	0	0	0	0	0	0	0	0	0	0	0	0	0	0	0	0
12C16O_168h_50_unf_bin.52	0	0	0.52317166	0	0.7585725	0.98355776	0.88834584	0.8549113	0.8764699	0.790922	1.3199326	1.754816	0.7207785	0.6785016	0.66959494	0.7784058	0	0.7794977	0	0.9208363	1.0265433	0.76382303	0.67513776	0.6653872
12C18O_168h_100_P08_coass_bin.1	0	0	0	0	0	0	0	0	0	0	0	0	0	0	0	0	0	0	0	0	0	0	0	0
H2-16-all-fractions_metab_conc_25.Burkholderiales_70_14	1.5334765	1.854523	1.8634187	1.4478196	1.9530452	2.7174792	3.3939586	2.623883	3.9426396	3.1024973	3.032745	4.0371513	2.2712636	2.6786609	1.9845313	2.8036902	2.0298245	3.099143	2.5075028	3.2941942	3.759453	3.068359	2.2375383	2.9451852
12C16O_48h_100_unf_bin.36	0	0	0	0	0	0	0	0	0	0	0	0	0	0	0	0	0	0	0	0	0	0	0	0
H3-16-all-fractions_metab_conc_46.Alphaproteobacteria_61_0	0	0	0	0	0	0	0	0	0	0	0	0	0	0	0	0	0	0	0	0	0	0	0	0
H2-16-all-fractions_metab_conc_137.Bacteria_60_16	0	0	0	0	0	0	0	0	0	0	0	0	0	0	0	0	0	0	0	0	0	0	0	0
H1-18-all-fractions_metab_conc_36.Alphaproteobacteria_64_14	0.91941994	0	0.88596386	0.9984595	0	0	0.88358873	0	0	0.7725578	0	0	1.0318455	0.85876626	0.93009996	0.9902914	0.87011683	0.85454744	0.92586815	0	0	0.91516393	0.7915262	0.7954852
12C16O_48h_100_unf_bin.19	1.1466022	0	0	0	0	0	0	0	1.9008807	0.55010587	0.8986882	0.88088995	0.85359955	1.276306	0	1.3022182	0	3.6596534	0	0	0.87125754	0	0	0.7638517
12C18O_48h_100_P16_coass_bin.16	0	0	0	0	0	0	0	0	0	0	0	0	0	0	0	0	0	0	0	0	0	0	0	0
H1-18-all-fractions_metab_conc_37.Gemmatimonadetes_69_16	1.1936377	1.6296735	1.2921088	0.8799144	1.6078045	1.7900805	4.03585	4.0789256	4.5800023	3.6104877	4.471678	4.5878644	3.1016588	3.0991173	3.244158	3.2609487	3.3440928	3.4286065	2.7646456	4.245976	3.6006773	3.5690973	3.6807938	3.4971387
12C18O_72h_100_P08_coass_bin.13	0	0	0	0	0	0	0	0	0	0	0	0	0	0	0	0	0	0	0	0	0	0	0	0
12C16O_72h_100_unf_bin.14	0	0	0	0	0	0	0	0	0	0	0	0	0	0	0	0	0	0	0	0	0	0	0.8295027	0
12C16O_24h_100_P16_coass_bin.13	0	0	0	0	0	0	0	0	0	0	0	0	0	4.4568186	0	0	0	0	0	0	0	0	0	0
12C16O_48h_50_P10_coass_bin.36	1.6827235	1.3101798	2.0226958	1.599527	3.6932135	3.9782848	2.0384223	2.7562902	2.4453511	2.0220866	3.5381894	3.9033809	2.1048806	2.1756005	3.0183687	2.0525968	2.6531625	2.3873522	1.8515611	3.7532864	3.9812655	1.9716114	2.8138132	2.1598942
12C16O_48h_50_P13_coass_bin.32	1.3498738	1.8795626	1.831041	1.2469099	2.3055806	1.1803416	1.001593	1.0888981	1.2429156	0.8201973	1.4267651	0.79373026	1.1472105	1.5324044	1.3586028	1.0931947	1.183683	1.3454243	0.90648395	1.6657697	0.8120114	1.0380781	1.200601	1.4241178
12C16O_168h_100_P16_coass_bin.18	0	0	0	0	0.83614254	0	0	0	0	0	0.8680903	0	0	0	0	0	0	0	0	0	0.8712392	0	0	0
12C16O_168h_50_unf_bin.22	1.5352073	0	1.3420149	0.96342254	1.5712667	1.8895779	2.0975618	1.692722	1.7595252	1.3878787	2.0887809	2.2268844	1.6896112	1.3544502	1.6646682	1.596733	1.4197872	1.3438666	0.9354677	1.5889876	1.6644359	1.7299187	1.5467684	1.3472278
12C16O_168h_50_P13_coass_bin.24	0	0	0	0	0	0	0	0	0	0	0	0	0	0	0	0	0	0	0	0	0	0	0	0
12C16O_72h_100_P14_coass_bin.14	0	0	0	0	0	0	0	0	0	0	0	0	0	0	0	0	0	0	0	0	0	0	0	0
H3-16-all-fractions_conc_123.Niastella_koreensis_45_0	0	0	0	0	0	0	0	0	0	0	0	0	0	0	0	0	0	0	0	0	0	0	0	0
12C18O_48h_100_P08_coass_bin.1	5.289902	3.0880864	5.883964	6.1472826	5.7237453	6.6658263	5.57677	5.7099257	6.0968137	5.8454456	5.337185	6.075785	7.3497534	7.5756373	7.2304506	7.2007966	6.545969	7.1835465	7.052201	6.804194	6.5815597	6.525316	6.732626	7.088804
H3-16-all-fractions_metab_conc_29.Actinobacteria_71_0	0	0	0	0	0	0	0	0	0	0	0	0	0	0	0	0	0	0	0	0	0	0	0	0
H3-16-all-fractions_metab_67.RIF_CHLX_70_0	1.400148	1.2971938	1.2342374	1.6905699	0	1.019819	1.3665215	0.91454726	1.1336112	1.6202149	0	0.8804134	1.3549414	1.1563238	0.9397254	1.2535914	0.8979583	1.0158099	1.447019	0	0.7071093	1.2184197	0.90457714	1.0837517
12C16O_24h_100_P16_coass_bin.12	0	0	0	0	0	0	0	0	0	0	0	0	0	0	0	0	0	0	0	0	0	0	0	0
H3-18-all-fractions_metab_conc_55.Sphingomonadales_70_13	0	0	0	0	0	0	0	0	0	0	0	0	0	0	0	0	0	0	0	0	0	0	0	0
12C18O_168h_100_P14_coass_bin.7	0	0	0	0	0	0	0	0	0	0	0	0	0	0	0	0	0	0	0	0	0	0	0	0
12C16O_48h_50_P10_coass_bin.9	2.3526196	2.5594165	1.9445912	2.7331762	1.8036032	1.7751518	1.32214	1.2905362	0	1.6138698	0	0	1.7211976	1.3640634	1.5267111	1.6607563	1.5928931	1.2569915	1.9849682	0	1.2354649	1.603461	1.369874	1.4098558
12C16O_48h_100_P14_coass_bin.7	0	0	0	0	0	0	0	0	0	0	0	0	0	0	0	0	0	0	0	0	0	0	0	0
12C16O_24h_100_P08_coass_bin.12	4.9873137	4.6351376	3.6013122	4.620651	4.301756	3.755298	4.2129507	3.1052341	2.9239082	3.5272431	2.9287739	2.641319	4.9135194	3.2588584	3.7723594	4.445237	3.3069315	2.8337562	3.7830315	3.1739872	2.5453985	4.252729	3.4494166	3.0701888
H1-18-all-fractions_metab_85.Ktedonobacter_racemifer_51_8	0	0	0	0	0	0	0	0	0	0	0	0	0	0	0	0	0	0	0	0	0	0	0	0
12C16O_48h_50_unf_bin.20	0	0	0	0	0	0	0	0	0	0	0	0	0	0	0	0	0	0	0	0	0	0	0	0
12C18O_168h_50_P13_coass_bin.3	0	0	0	0	0	0	0	0	0	0	0	0	0	0	0	0	0	0	0	0	0	0	0	0
H1-16-all-fractions_metab_conc_20.Bacteria_65_10	0	0	0	0	0	0	0	0	0	0	0	0	0	0	0	0	0	0	0	0	0	0	0	0
12C16O_168h_50_P10_coass_bin.19	0	0	0	0	0	0	1.3458862	1.5278734	2.6356776	0.758302	2.6295023	3.2991467	0	0.7275512	0.7207338	0.7446105	0.82907414	1.1883426	0	2.4067397	2.5575633	0.8522241	0.9866989	1.3153579
12C16O_168h_100_P08_coass_bin.1	0	0	0	0	0	0	0	0	0	0	0.8732511	0	0	0	0	0	0	0	0	0	0.8826294	0	0	0
H1-18-all-fractions_metab_69.Sphingomonadales_65_37	0	0	0	0	0	0	3.1416183	2.6264377	3.8476992	3.8631058	1.593242	3.0487432	0	1.2465256	1.2532954	1.6436756	1.639854	2.0069973	1.9487418	1.6026139	2.194809	2.13944	1.7955693	2.1583557
12C18O_24h_100_P14_coass_bin.6	0	0	0	0	0	0	0	0	0	0	0	0	0	0	0	0	0	0	0	0	0	0	0	0
H3-16-all-fractions_metab_conc_40.Bacteroidetes_44_0	0	0	0	0	0	0	0	0	0	0	0	0	0	0	0	0	0	0	0	0	0	0	0	0
H3-16-all-fractions_metab_conc_90.Bacteria_60_0	0	0	0	0	0	0	0	0	0	0	0	0	0	0	0	0	0	0	0	0	0	0	0	0
12C16O_168h_50_P10_coass_bin.36	0	0	0	0	0	0	2.4213161	2.4880762	3.5166953	2.5169146	2.1118855	2.447897	0	0	0	0	1.5459945	1.554577	1.2363154	2.0003443	1.6665592	1.5503668	1.6879308	1.7928616
12C18O_168h_50_P13_coass_bin.24	1.9256436	2.9524646	2.940638	1.7122846	2.6948445	3.0088022	1.7701579	2.1972284	2.1999857	1.2637936	2.4061813	2.3815823	1.9350286	2.5013306	2.5178165	1.9640331	2.5965421	2.5457368	1.4934272	2.7448294	2.6772776	1.7966871	2.0629883	2.435511
12C16O_48h_50_P10_coass_bin.20	0	0	0	0	0	0	0	0	0	0	0	0	0	0	0	0	0	0	0	0	0	0	0	0
H3-18-all-fractions_metab_conc_37.Alphaproteobacteria_64_16	0	0	0	0	0	0	0	0	0	0	0	0	0	0	0	0	0	0	0	0	0	0	0	0
12C16O_168h_100_unf_bin.17	0	0	0	0	0	0	0	0	0	0	0	0	0	0	0	0	0	0	0	0	0	0	0	0
12C16O_48h_50_P13_coass_bin.24	0	1.9480971	0	0	2.5292277	10.394245	0	1.2558554	0	0	1.3246871	6.0035143	0	0	1.5415354	0	1.4321781	0	0	1.7557683	6.682914	0	1.3858675	0
12C16O_168h_50_unf_bin.34	0	0	0	0	0	0	0	0	0	0	0	0	0	0	0	0	0	0	0	0	0	0	0	0
12C18O_168h_100_P16_coass_bin.4	0	0	0	0	0	0	0	0	0	0	0	0	0	0	0	0	0	0	0	0	0	0	0	0
H3-16-all-fractions_metab_conc_11.Cystobacter_violaceus_70_0	0	0	0	0	0	0	1.4663631	1.5322229	1.879645	1.0434186	0.9878724	1.2112402	0	0	0	0	0	0.8895283	0	0	0	0	0	0.674236
12C16O_0h_50_P09_coass_bin.6	0	0	0.48563305	0.74559665	0	0	0.67823946	0	0.6469151	0.8663031	0	0	0.7539711	0.6261491	0.6255004	0.73387074	0	0.7292723	0.9040043	0	0	0.585693	0	0.5920809
H3-16-all-fractions_metab_148.Actinobacteria_72_0	0	0	0	0	0	0	0	0	0	0	0	0	0	0	0	0	0	0	0	0	0	0	0	0
12C16O_48h_100_P14_coass_bin.3	0	0	0	0	0	0	0	0	0	0	0	0	0	0	0	0	0	0	0	0	0	0	0	0
12C18O_168h_50_P13_coass_bin.18	0	0	0	0	0	0	0	0	0	0	0	0	0	0	0	0	0	0	0	0	0	0	0	0
H1-18-all-fractions_conc_122.Actinobacteria_70_12	2.660329	3.559977	3.0156581	2.881425	2.9267175	2.6670089	1.4622047	1.5899409	0	1.4902986	1.5449558	1.5182076	1.9133421	1.9808525	1.919535	1.7197443	2.0640578	1.7859305	1.8250071	1.92731	1.7404232	1.7224499	1.7286278	1.991687
12C16O_48h_50_P10_coass_bin.43	1.2121392	1.0667517	1.2675987	1.2472132	2.2809763	1.6038871	1.0007375	1.2650023	0.9980501	0.98525965	1.5256922	1.0424968	1.2601829	1.2512757	1.588742	1.2777383	1.5425597	1.191856	1.2430943	2.0313294	1.2863841	1.1693804	1.5575039	1.2359176
12C18O_168h_50_P10_coass_bin.8	0	0	0	0	0	0	0	0	0	0	0	0	0	0	0	0	0	0	0	0	0	0	0	0
12C16O_168h_50_unf_bin.57	2.2287772	2.6051629	2.0153499	2.4601932	2.2535694	1.9505743	1.724803	1.702489	1.3985586	1.6476299	1.6846758	1.3803434	2.018762	1.6989752	1.9514562	1.957542	1.9489821	1.6211913	1.8798683	1.84444	1.4395093	1.881419	1.79944	1.6152267
12C16O_24h_100_P16_coass_bin.16	0	0	0	0	0	0	0	0	0	0	0	0	0	0	0	0	0	0	0	0	0	0	0	0
12C16O_72h_100_unf_bin.11	2.3948386	6.926323	3.6916103	2.0582495	6.7973647	13.030711	2.2498112	4.483493	2.9087071	1.8543969	4.4682913	8.203632	2.5791316	3.4699361	5.4786067	2.3902962	5.396538	3.1949983	2.1103969	5.8892393	10.532996	2.617982	5.585646	3.8024628
12C16O_168h_50_P13_coass_bin.21	0	0	0	0	0	0	0	0	0	0	0	0	0	0	0	0	0	0	0	0	0	0	0	0
H3-18-all-fractions_metab_conc_25.Acidobacteria_57_11	0	0	0	0	0	0	0	0	0	0	0	0	0	0	0	0	0	0	0	0	0	0	0	0
H1-18-all-fractions_conc_3.Bacteria_68_14	1.1441771	1.0868635	0.8665667	1.4405295	0	1.2040073	1.4382805	1.1193609	1.0102255	1.5409477	0	1.2119716	1.4725615	1.0016108	1.1379222	1.3355027	1.1689595	0.94165003	1.5165085	0	1.0355802	1.4134514	1.1366392	0.95472646
12C18O_48h_100_P16_coass_bin.13	0	0	0	0	0	0	0	0	0	0	0	0	0	0	0	0	0	0	0	0	0	0	0	0
12C18O_48h_100_P08_coass_bin.5	0	0	0	0	0	0	0	0	0	0	0	0	0	0	0	0	0	0	0	0	0	0	0	0
H1-18-all-fractions_metab_maxbC_21.Verrucomicrobia_59_13	0	0	0	0	0	0	0	0	0	0	0	0	0	0	0	0	0	0	0	0	0	0	0	0
12C18O_24h_100_P16_coass_bin.17	0	0	0	0	0	0	0	0	0	0	0	0	0	0	0	0	0	0	0	0	0	0	0	0
12C16O_0h_50_P10_coass_bin.13	0	0	0	0	0	0	0	0	0	0	0.8884184	0	0	0.6934849	0.8188462	0	0.80804443	0.62933075	0	1.3590056	0	0	0.5945243	0
12C16O_168h_100_unf_bin.13	0	0	0	0	0	0	0	0	0	0	0	0	0	0	0	0	0	0	0	0	0	0	0	0
H2-16-all-fractions_metab_conc_17.Alphaproteobacteria_61_12	0	0	0	0	0	0	0	0	0	0	0	0	0	0	0	0	0	0	0	0	0	0	0	0
12C18O_168h_50_P13_coass_bin.20	0	0	0	0	0	0	0	0	0	0	0	0	0	0	0	0	0	0	0	0	0	0	0	0
12C16O_168h_100_unf_bin.5	0	0	0	0	0	0	0	0	0	0	0	0	0	0	0	0	0	0	0	0	0	0	0	0
12C16O_72h_100_P16_coass_bin.38	0	0	0	0	0	0	0	0	0	0	0	0	0	0	0	0	0	0	0	0	0	0	0	0
H2-18-all-fractions_metab_conc_57.Sphingobacteriales_44_10	0	0	0	0	0	0	0	0	0	0	0	0	0	0	0	0	0	0	0	0	0	0	0	0
12C16O_48h_50_unf_bin.43	0	0	0	0	0	0	0	0	0	0	0	0	0	0	0	0	0	0	0	0	0	0	0	0
H1-18-all-fractions_conc_24.Gemmatimonadetes_68_16	0	0	0	0	0	0	0	0	0	0	0	0	0	0	0	0	0	0	0	0	0	0	0	0
12C16O_168h_100_P08_coass_bin.5	0	0	0	0	0	0	0	0	0	0	0	0	0	0	0	0	0	0	0	0	0	0	0	0
12C16O_72h_100_P14_coass_bin.28	0	0	0	0	0	0	0	0	0	0	0	0	0	0	0	0	0	0	0	0	0	0	0	0
H3-18-all-fractions_metab_conc_49.Actinobacteria_70_18	1.713607	0	1.4227513	1.8341568	0	0	0	0	0	1.26976	0	0	0	0	0	0	0	0	1.4431155	0	0	0	0	0
12C16O_48h_50_unf_bin.33	0	0	0	0	0	0	0	0	0	0	0	0	0	0	0	0	0	0	0.56326115	0	0	0	0	0
H3-16-all-fractions_conc_58.Chloroflexi_52_0	0	0	0	0	0	0	0	0	0	0	0	0	0	0	0	0	0	0	0	0	0	0	0	0
12C16O_168h_100_P14_coass_bin.2	0	0	0	0	0	0	0	0	0	0	0	0	0	0	0	0	0	0	0	0	0	0	0	0
12C16O_48h_100_unf_bin.25	0	0	0	0	0	0	1.9025364	1.5929173	2.3017652	2.611498	1.737935	2.2048316	0	0.68043786	0.7907884	1.4359565	1.2294608	1.5546281	1.3620558	1.8033268	1.6347452	1.4016864	1.2289928	1.3255734
12C16O_168h_100_P14_coass_bin.3	4.3410406	5.760928	5.459679	4.504765	4.8351927	4.376087	3.0314229	3.3066154	3.353063	2.5991142	2.9465482	2.5780914	3.8850513	4.645448	4.1153393	3.5602293	3.8569639	4.0440807	3.1692014	3.555745	2.8701956	3.4075394	3.7284915	4.2782674
12C16O_168h_50_P09_coass_bin.9	0.7816696	1.1554785	1.124374	0.8257567	1.0517476	1.1546798	6.847801	7.124384	9.719033	7.0027795	5.9084578	6.3318753	2.1542056	2.9111826	3.4420094	3.153984	4.296933	4.203039	3.388658	5.48101	4.2802753	4.2910986	4.720848	4.9224386
12C18O_168h_50_P09_coass_bin.16	0	0	0	0	0	0	0	0	0	0	0	0	0	0	0	0	0	0	0	0	0	0	0	0
H3-18-all-fractions_metab_conc_75.Burkholderiales_69_10	1.5454589	0	1.4208285	0	0	0	5.197981	4.074188	6.964613	5.416013	4.1387444	3.751937	3.563411	3.738429	2.3093886	5.401026	2.7519467	6.188919	4.227072	4.074123	3.7423036	5.7369695	3.460984	5.8396635
12C18O_168h_50_P13_coass_bin.21	0	0	0	0	0.71850616	0.8080592	0.781976	0.8439538	0.955683	0.5079755	1.4878002	1.7785789	0	0.5350078	0.6452257	0	0	0.6441711	0	1.192391	1.4194671	0.60562426	0.68888575	0.70573336
12C16O_48h_50_P10_coass_bin.25	4.270218	6.244401	6.703131	5.5475802	12.923638	6.340251	2.9567058	3.6292	4.085396	2.958936	8.127627	3.987312	3.8140757	5.9065776	4.6712966	3.5532749	4.367779	5.1583676	3.8933036	10.248961	4.432966	3.4079993	4.108238	5.4870424
12C18O_168h_50_P10_coass_bin.25	0	0	0	0	0	0	0	0	0	0	0	0	0	0	0	0	0	0	0	0	0	0	0	0
12C16O_168h_100_unf_bin.12	2.5211072	1.7222266	2.5549555	2.3664885	2.2073212	2.469361	3.704838	3.7017221	3.4087968	2.7689435	2.8802013	3.1923823	3.066471	2.8831427	3.6328154	3.041691	3.2837808	2.8111308	2.4249713	2.5248282	2.6878192	3.1402028	3.2443898	3.0121138
12C18O_24h_100_P16_coass_bin.16	0	0	0	0	0	0	0	0	0	0	0	0	0	0	0	0	0	0	0	0	0	0	0	0
12C16O_0h_50_P10_coass_bin.6	0	0	0.96937275	1.0400977	1.2426227	0	1.0469962	0.9845192	1.0025527	1.0578201	1.138853	0.9795304	0	1.0355716	1.1508524	0	1.0486292	1.0387568	1.024071	1.2084887	0	0	1.0578021	1.0580742
H3-16-all-fractions_conc_3.Actinobacteria_70_0	0	0	0	0	0	0	0	0	0	0	0	0	0	0	0	0	0	0	0	0	0	0	0	0
12C16O_72h_100_P16_coass_bin.39	0	0	0	0	0	0	0	0	0	0	0	0	0	0	0	0	0	0	0	0	0	0	0	0
12C18O_72h_100_P14_coass_bin.10	0	0	0	0	0	0	0	0	0	0	0	0	0	0	0	0	0	0	0	0	0	0	0	0
12C16O_168h_100_unf_bin.4	0	0	0	0	0	0	0	0	0	0	0	0	0	0	0	0	0	0	0	0	0	0	0	0
H1-16-all-fractions_metab_conc_65.Bacteria_66_15	1.4166303	1.0008472	1.0147475	1.0133864	1.2490735	0.83101857	3.0209122	1.9230168	2.0426962	2.2404208	2.4464707	1.4102476	2.3503945	1.5193844	1.6368273	2.38804	1.7659191	1.5714035	1.7633611	2.381034	1.3678226	2.3621743	1.6408644	1.4799669
H2-18-all-fractions_metab_conc_39.Bacteria_66_9	0	0	0	0	0	0	0	0	0	0	0	0	0	0	0	0	0	0	0	0	0	0	0	0
H2-18-all-fractions_metab_84.Actinobacteria_68_115	0	0	0	0	0	0	0	0	0	0	0	0	0	0	0	0	0	0	0	0	0	0	0	0
H2-16-all-fractions_metab_conc_65.Actinobacteria_69_12	0	0	0	0	0	0	0	0	0	0	0	0	0	0	0	0	0	0	0	0	0	0	0	0
H1-16-all-fractions_metab_conc_28.Actinobacteria_70_20	0	0	0	0	0	0	0	0	0	0	0	0	0	0	0	0	0	0	0	0	0	0	0	0
12C16O_24h_100_P16_coass_bin.17	0	0	0	0	0	0	0	0	0	0	0	0	0	0	0	0	0	0	0	0	0	0	0	0
H1-18-all-fractions_metab_conc_10.Actinobacteria_67_14	0	0	0	0	0	0	0	0	0	0	0	0	0	0	0	0	0	0	0	0	0	0	0	0
12C16O_48h_100_P08_coass_bin.5	0	0	0	0	0	0	0	0	0	0	0	0	0	0	0	0	0	0	0	0	0	0	0	0
12C16O_48h_100_unf_bin.32	0	0	0	0	0	0	0	0	0	0	0	0	0	0	0	0	0	0	0	0	0	0	0	0
H1-18-all-fractions_metab_conc_44.Gemmatimonadetes_61_12	0	0	0	0	0	0	0	0	0	0	0	0	0	0	0	0	0	0	0	0	0	0	0	0
12C18O_168h_50_P10_coass_bin.9	0	0	0	0	0	0	0	0	0	0	0	0	0	0	0	0	0	0	0	0	0	0	0	0
H1-16-all-fractions_metab_conc_1.Actinobacteria_71_32	4.308803	5.009867	3.9167085	4.1644297	3.6251833	4.0669913	3.0255854	2.9429417	2.581029	2.6111245	2.2766883	2.5792081	3.8687696	3.3363194	3.5563185	3.4950943	3.3162088	2.858421	3.128259	2.8085694	2.7211232	3.452459	3.2305841	2.9788914
H3-18-all-fractions_metab_conc_100.Actinobacteria_71_31	5.7182283	6.460698	5.4677005	5.8992233	5.155653	4.6599874	2.8227355	2.6560965	2.5957828	2.9562218	2.6402977	2.5894787	3.9400704	3.550163	3.3556125	3.5423236	3.7669184	3.270313	3.6359181	3.259814	3.0199013	3.487952	2.9823475	3.5822392
12C16O_168h_100_P08_coass_bin.31	1.1288161	1.1628418	0.84189504	1.0727818	0	0	4.284715	2.858719	2.351598	4.122565	1.4867691	1.9752063	1.9280086	1.4573457	1.6520588	2.7708955	2.0213535	2.0117893	2.6434634	1.6834809	1.67464	2.9863112	1.8678762	1.4921589
12C16O_48h_50_P10_coass_bin.30	0.8765391	0	0	1.2267742	0.75713474	0	0	0	0	0.88919985	0.57867676	0	0	0	0	0	0	0	1.0942081	0	0	0	0	0
H2-16-all-fractions_metab_conc_119.Actinobacteria_73_28	0	0	0	0	0	0	0	0	0	0	0	0	0	0	0	0	0	0	0	0	0	0	0	0
12C16O_72h_100_unf_bin.12	0	0	0	0	0	0	0	0	0	0	0	0	0	0	0	0	0	0	0	0	0	0	0	0
H1-16-all-fractions_metab_conc_42.Ktedonobacter_racemifer_53_14	0	0	0	0	0	0	0	0	0	0	0	0	0	0	0	0	0	0	0	0	0	0	0	0
H1-18-all-fractions_metab_conc_56.Chloroflexi_54_13	0	0	0	0	0	0	0	0	0	0	0	0	0	0	0	0	0	0	0	0	0	0	0	0
H2-16-all-fractions_metab_57.Sphingomonadales_64_21	0	0	0	0	0	0	0	0	0	1.6448388	0	0	0	0	0	0	0	0	0	0	0	0	0	0
12C16O_168h_50_unf_bin.24	0	0	0	0	0	0	0	0	0	0	2.6666796	0	0	0	0	0	0	0	0	0	0	0	0	0
12C18O_24h_100_P14_coass_bin.13	0	0	0	0	0	0	0	0	0	0	0	0	0	0	0	0	0	0	0	0	0	0	0	0
12C16O_168h_50_P09_coass_bin.15	0	0	0	0	0	0	0	0	0	0	0	0	0	0	0	0	0	0	0	0	0	0	0	0
H2-16-all-fractions_metab_conc_101.Burkholderiales_63_22	0	0	0	0	0	0	1.1599432	0.78427076	1.2348304	1.0571511	1.023331	0.88125867	1.1927625	1.3416309	0	1.5365443	0	1.5504389	0.9983151	0.9896329	1.0217359	1.3672645	0.7376381	1.241944
12C18O_48h_100_P08_coass_bin.10	0	0	0	0	0	0	0	0	0	0	0	0	0	0	0	0	0	0	0	0	0	0	0	0
12C16O_168h_50_unf_bin.54	0	0	0	0	0	0	0	0	0	0	0	0	0	0	0	0	0	0	0	0	0	0	0	0
12C16O_0h_50_P10_coass_bin.28	0.662491	0	0.7168581	0	1.4077371	1.3097407	0	0.72604656	0	0	1.0418233	1.0350599	0	0	0	0	0	0	0	0.9595003	0.8585063	0	0.65882254	0
12C18O_168h_100_P08_coass_bin.7	0	0	0	0	0	0	0	0	0	0	0	0	0	0	0	0	0	0	0	0	0	0	0	0
12C18O_168h_100_P16_coass_bin.7	0	0	0	0	0	0	0	0	0	0	0	0	0	0	0	0	0	0	0	0	0	0	0	0
12C16O_0h_50_P09_coass_bin.5	2.1721056	1.7606889	1.735145	2.411248	1.0586463	1.105268	1.5596566	1.0154479	1.1477257	1.4839324	0.70820993	0	1.7302048	1.4588261	1.1620452	1.6140832	1.1100523	1.2015285	1.5786698	0	0	1.5873284	1.0726168	1.3164829
12C16O_24h_100_P08_coass_bin.15	0	0	0	0	0	0	0	0	0	0	0	0	0	0	0	0	0	0	0	0	0	0	0	0
12C16O_24h_100_P14_coass_bin.12	1.3350674	1.7900127	1.4221748	0	0	0	1.0833819	1.2850472	1.1644026	0	0.6732802	0	1.518216	1.5382546	1.4498599	1.5030434	1.3663187	1.3707328	0.7434602	0	0	1.4271852	1.4425284	1.3122885
12C18O_168h_50_P09_coass_bin.14	0	0	0	0	0	0	0	0	0	0	0	0	0	0	0	0	0	0	0	0	0	0	0	0
H1-16-all-fractions_conc_50.Massilia_sp__JS1662_67_10	0	0	0	0	0	0	0	0	0	0	0	0	0	0	0	0	0	0	0	0	0	0	0	0
12C18O_168h_50_P13_coass_bin.4	1.3328899	1.8034284	1.6572156	1.2868531	2.054001	1.2480928	0.9852365	1.0781453	1.1396655	0	1.2751274	0	1.1472031	1.3929482	1.3001856	1.0762776	1.1705052	1.2390146	0.9812314	1.5239286	0	1.017328	1.179716	1.3222817
H1-18-all-fractions_metab_maxb_101.Bacteria_63_9	0.90765685	0	0.72839934	1.0061127	0	0	0.8192772	0	0	0.8293903	0	0	1.0295831	0.8083327	0.6487447	1.0027996	0.6707936	0.7248087	1.0003313	0	0	0.9120734	0.59942895	0.7694047
12C16O_168h_100_P16_coass_bin.6	0	0	0	0	0	0	0	0	0	0	0.7237651	0	0	0.83815503	0.7534829	0	0.7559295	0.76538765	0	0.9191165	0	0	0.6153744	0.6661384
12C16O_48h_100_unf_bin.27	0	0	0	0	0	0	0	0	0	0	0	0	0	0	0	0	0	0	0	0	0	0	0	0
H2-16-all-fractions_maxb_conc_24.Ktedonobacter_racemifer_50_14	0	0	0	0	0	0	0	0	0	0	0	0	0	0	0	0	0	0	0	0	0	0	0	0
12C16O_48h_50_unf_bin.40	2.2186995	3.1633587	2.4280725	1.8221287	2.8445063	3.2595398	2.5744324	2.8782914	3.3037083	2.4744375	2.7649248	3.4472258	3.3613472	3.6029103	3.5024989	3.349079	3.3290186	3.871863	3.0053566	3.916767	4.3620553	3.2426362	3.4500918	3.326038
12C18O_48h_100_P08_coass_bin.28	0	0	0	0	0	0	0	0	0.79143584	0	0.59232545	0	0	0.8494612	0	0	0	0	0	0	0	0	0	0.61921906
12C16O_48h_50_P10_coass_bin.27	0	0	0	0	0	0	0	0	0	0	0	0	0	0	0	0	0	0	0	0	0	0	0	0
H3-18-all-fractions_metab_conc_4.Bradyrhizobium_62_18	1.1659441	0	1.2566148	1.1797507	1.2426795	2.1625326	1.498412	1.7294527	1.6043884	1.3917376	1.270203	2.25731	1.4636664	1.3502734	1.5980185	1.4597932	1.5704935	1.4239901	1.3136761	1.4083238	2.1818774	1.518368	1.6138458	1.2689275
12C16O_168h_50_P10_coass_bin.31	7.50825	7.207442	5.6962996	9.183866	4.4261913	4.3341956	3.6916995	3.2443218	2.9054127	5.143268	2.3416455	2.4659238	4.8893094	3.5628498	3.9285007	4.7853465	4.351323	3.3308177	6.346646	3.0635679	2.8861904	4.574786	3.378485	3.8789673
12C16O_24h_100_P08_coass_bin.7	1.6781325	1.4464424	1.1896849	0.8302544	2.8285015	2.1110065	1.7199179	1.4871947	1.3043325	0.9971195	2.6488369	2.0202055	2.152769	1.5185107	1.4298786	2.306644	1.3908681	1.48695	1.2866454	3.3340437	2.1829941	2.254329	1.5703453	1.5088793
12C16O_48h_50_unf_bin.41	2.6579943	3.7922814	3.1105318	2.4386356	4.0119014	3.78	2.1173162	2.5469563	2.2643185	1.8010851	2.7223048	2.612859	2.5580823	2.8132534	2.9281967	2.3853836	2.7153406	2.4523952	2.027118	3.0528772	2.7403843	2.3200579	2.8136837	2.531957
12C16O_168h_100_P08_coass_bin.27	10.623276	14.917147	14.678735	10.701048	13.381151	10.727394	7.236291	8.334858	8.969583	6.196198	7.966559	6.253877	9.323795	12.651313	10.516668	8.608836	10.02629	10.830788	7.5732327	9.649331	6.9751444	8.193088	9.458252	11.509891
12C16O_0h_100_P08_coass_bin.9	1.2184842	0	1.0286521	1.3298584	0.8294273	0.90244967	1.0889146	0.7519744	0.8591609	0.96301836	0.67388356	0.7532803	1.3116016	1.0172623	0.92774236	1.2394994	0.99164873	0.9721077	1.1244214	0	0.75090164	1.1575091	0.8095408	0.8976926
H1-18-all-fractions_metab_conc_103.Sphingomonadales_66_15	0	0	0	0	0	0	2.0747132	1.660706	2.48419	2.4911337	1.1038958	2.0232959	0	0	0	1.1049349	1.0851899	1.2921335	1.2680559	0	1.4870547	1.4461913	1.1750733	1.411268
12C16O_24h_100_P16_coass_bin.6	3.0489085	3.1541922	2.469149	3.6700883	2.075178	2.1551225	1.6815032	1.5755852	1.3763624	2.141789	1.1942365	1.2811977	2.1994557	1.6900359	1.8860505	2.1229193	1.9976184	1.5609887	2.633717	1.5626514	1.4822654	2.0366063	1.6636498	1.7877353
H1-16-all-fractions_metab_conc_21.Actinobacteria_69_13	6.73593	7.0752735	7.2456226	7.067064	5.9847603	5.162279	4.6159906	4.722627	4.4948134	4.2006016	3.6506562	3.2341766	6.477998	6.250262	6.294096	5.9610834	6.102837	5.649967	5.468193	4.514482	3.6337018	5.549526	5.6195674	5.7780976
12C18O_168h_50_P10_coass_bin.26	0	0	0	0	0	0	0	0	0	0	0	0	0	0	0	0	0	0	0	0	0	0	0	0
12C18O_48h_100_P08_coass_bin.29	0	0	0	0	0	0	0	0	0	0	0	0	0	0	0	0	0	0	0	0	0	0	0	0
12C16O_48h_100_unf_bin.4	0	0	0	0	0	0	0	0	0	0	0	0	0	0	0	0	0	0	0	0	0	0	0	0
12C18O_168h_50_P13_coass_bin.5	1.5862902	2.259593	1.6053029	1.4052404	1.9504758	2.2299275	1.8598057	1.999163	2.1770756	1.8568887	1.9094119	2.3137999	2.3832126	2.3726726	2.3829205	2.3694766	2.2728133	2.5340922	2.1476035	2.377434	2.6354842	2.2352512	2.3510854	2.2047446
12C18O_168h_50_P09_coass_bin.15	0	0	0	0	0	0	0	0	0	0	0	0	0	0	0	0	0	0	0	0	0	0	0	0
H2-18-all-fractions_metab_36.Geodermatophilales_73_36	8.543232	11.511776	7.0257087	7.807826	9.226069	9.799132	9.661278	9.501529	9.55767	11.007765	9.148107	10.382909	12.200991	10.5896635	10.503956	12.070248	10.537346	11.091164	13.051802	11.822341	12.349162	11.590658	10.762116	10.064835
12C16O_168h_100_P16_coass_bin.27	0	0	0	0	0	0	0	0	0	0	0	0	0	0	0	0	0	0	0	0	0	0	0	0
H3-16-all-fractions_metab_140.Gemmatimonadetes_61_0	0	0	0	0	0	0	0	0	0	0	0	0	0	0	0	0	0	0	0	0	0	0	0	0
12C16O_72h_100_P16_coass_bin.15	0	0	0	0	0	0	0	0	0	0	0	0	0	0	0	0	0	0	0	0	0	0	0	0
12C16O_168h_100_P08_coass_bin.7	0	0	0	0	0	0	0	0	0	0	0	0	0	0	0	0	0	0	0	0	0	0	0	0
H2-16-all-fractions_metab_conc_33.Sphingomonadales_63_10	0	0	0	0	0	0	0	0	0	0	0	0	0	0	0	0	0	0	0	0	0	0	0	0
12C16O_0h_50_P10_coass_bin.29	0.99803907	0	1.1223338	0.67124957	2.3074384	1.8836043	1.2229006	1.2909397	1.5793843	0.99337447	2.412023	2.059036	1.278646	1.2757767	1.4007446	1.4167665	1.3193716	1.6653075	0.9541959	2.775871	2.3188264	1.3797575	1.4509733	1.6461811
H2-16-all-fractions_metab_conc_16.Bacteria_60_11	0	0	0	0	0	0	0.5768454	0	0	0	0	0	0	0	0	0	0	0	0	0	0	0	0	0
12C16O_48h_50_P10_coass_bin.41	0	0	0	0	0.65299064	0	0	0.74513006	0	0	1.2232122	1.0308044	0	0	0	0	0	0	0	1.1743512	0.96977973	0	0.7261102	0
12C16O_48h_100_P14_coass_bin.1	2.4344158	2.0478394	1.8796597	2.5057762	1.3430632	1.6060956	1.7528162	1.3717548	1.2128257	1.5238469	0.91347444	1.0098968	2.1766417	1.6511643	1.5897202	2.0277712	1.5211781	1.4266479	1.9016869	0	1.1448011	1.9557129	1.4449022	1.4886755
H3-16-all-fractions_metab_43.Acidobacteria_54_0	0	0	0	0	0	0	0	0	0	0	0	0	0	0	0	0	0	0	0	0	0	0	0	0
H1-18-all-fractions_metab_conc_61.Actinobacteria_70_18	2.0715919	2.3395479	1.8221084	1.7964269	1.7050408	1.6970528	1.5314686	1.5406544	1.2079657	1.2107258	1.0871767	1.0919466	2.029317	1.6725454	1.8946025	1.8379284	1.7188816	1.4543474	1.5503482	0	1.2132368	1.7519746	1.7234715	1.4146138
12C16O_0h_50_P09_coass_bin.4	0	0	0	0	0	0	0	0	0	0	0	0	0	0	0	0	0	0	0	0	0	0	0	0
12C16O_24h_100_unf_bin.28	0	0	0	0	0	0	0	0	0	0	0	0	0	0	0	0	0	0	0	0	0	0	0	0
H2-16-all-fractions_metab_conc_60.Proteobacteria_70_13	0	0	0	0	0	0	0	0	0	0	0	0	0	0	0	0	0	0	0	0	0	0	0	0
12C18O_168h_100_P16_coass_bin.28	0	0	0	0	0	0	0	0	0	0	0	0	0	0	0	0	0	0	0	0	0	0	0	0
12C16O_168h_50_P13_coass_bin.23	2.5924497	3.5866385	3.6091228	2.397926	4.5363326	2.137318	1.8504084	2.0089097	2.3517077	1.5194458	2.6686313	1.3688898	2.189939	2.9992805	2.579524	2.0742333	2.2480555	2.616019	1.6986433	3.2027032	1.3800763	1.906811	2.23696	2.698184
12C16O_24h_100_P16_coass_bin.14	0	0	0	0	0	0	0	0	0	0	0	0	0	0	0	0	0	0	0	0	0	0	0	0
12C16O_168h_50_P10_coass_bin.27	0	0	0	0	0	0	0	0	0	0	1.5390784	0	0	0	0	0	0	0	0	1.7912644	0	0	0	0
H3-16-all-fractions_metab_conc_78.Burkholderia_graminis_63_0	0	0	0	0	0	0	0	0	0	0	0	0	0	0	0	0	0	0	0	0	0	0	0	0
12C18O_168h_100_P16_coass_bin.36	0	0	0	0	0	0	0	0	0	0	0	0	0	0	0	0	0	0	0	0	0	0	0	0
12C16O_48h_100_P14_coass_bin.26	0	0	0	0	0	0	0	0	0	0	0	0	0	0	0	0	0	0	0	0	0	0	0	0
12C16O_48h_50_unf_bin.17	0	0	0	0	0	0	0	0	0	0	0	0	0	0	0	0	0	0	0	0	0	0	0	0
12C16O_72h_100_P16_coass_bin.33	2.8951962	1.6959368	5.749598	3.4840567	4.345783	2.4571452	2.6509755	2.7176812	4.686025	2.7586608	3.136627	1.7760432	3.3657362	6.0189285	3.6834438	3.179655	3.275007	6.0164256	3.1995878	3.6301274	2.0215142	2.9322026	3.3954635	5.647284
12C18O_72h_100_P08_coass_bin.25	0	0	0	0	0	0	0	0	0	0	0	0	0	0	0	0	0	0	0	0	0	0	0	0
12C16O_168h_50_P10_coass_bin.16	0	0	0.544058	0.8575475	0.8381765	0	0.7862043	0.71268576	0.7328727	1.0006919	0.9834251	0	0.8410738	0.7458027	0.9515535	0.8531051	0.7442553	0.8852368	1.0616533	1.1414874	0	0.7156326	0.76742005	0.7289084
H3-16-all-fractions_metab_conc_126.Actinobacteria_70_0	3.550683	3.4518692	3.6134808	4.524961	2.926522	2.76965	1.3623836	1.9317868	1.292605	1.4748482	1.3082883	1.4903276	2.1465871	1.8585213	2.7131782	1.7641207	2.56003	1.6552533	2.0123403	1.5572966	1.6476938	1.7781256	2.2252142	1.8403449
12C16O_168h_100_unf_bin.37	0	0	0	0	0	0	0	0	0	0	0	0	0	0	0	0	0	0	0	0	0	0	0	0
H2-16-all-fractions_metab_114.Bacteria_70_8	1.3369136	2.119158	1.4545628	1.4920797	1.3007593	1.9609821	1.6350999	2.0879579	1.7519673	1.7113081	1.3136041	2.2205634	1.5823053	1.6035441	2.0836036	1.514434	1.9490591	1.4977273	1.530977	1.2763441	1.7580477	1.497436	1.9971608	1.5407192
12C16O_168h_50_P09_coass_bin.3	0	0	0	0	0	0	0	0	0	0	0	0	0	0	0	0	0	0	0	0	0	0	0	0
12C16O_168h_50_P13_coass_bin.12	0	0	0	0	0	0	0	0	0	0	0	0	0	0	0	0	0	0	0	0	0	0	0	0
12C18O_168h_100_P16_coass_bin.19	0	0	0	0.97624135	0	0	0	0	0	0.694088	0	0	0	0	0	0	0	0	0.8585015	0	0	0	0	0
H3-18-all-fractions_metab_maxbC_83.Verrucomicrobia_60_12	0	0	0	0	0	0	0	0	0	0	0	0	0	0	0	0	0	0	0	0	0	0	0	0
12C16O_168h_100_P08_coass_bin.16	0	0	0	0	0	0	0	0	0	0	0	0	0	0	0	0	0	0	0	0	0	0	0	0
12C18O_72h_100_P14_coass_bin.22	0	0	0	0	0	0	0	0	0	0	0	0	0	0	0	0	0	0	0	0	0	0	0	0
H2-16-all-fractions_metab_conc_71.Burkholderiales_69_31	0	0	0	0	0	0	0	0	0	0	0	0	0	0	0	0	0	0	0	0	0	0	0	0
H2-16-all-fractions_metab_conc_97.Actinobacteria_72_48	4.218706	3.9201245	2.6829429	4.1018624	2.7398179	2.6405213	2.2760055	1.7863932	0	2.0755153	0	0	3.2387435	2.0400515	2.2763703	2.8415856	2.3147423	0	2.7426941	0	0	2.799801	1.9793978	1.8246524
12C16O_0h_50_P10_coass_bin.20	2.443869	0	1.274643	3.5188015	1.9070386	0	1.585739	0.71344537	1.1164886	2.469422	1.3816471	0	1.9784482	1.3212482	0.9662563	1.7300624	0.9803242	1.2836962	3.0790708	1.4852042	0	1.7207433	0.8783363	0.9743435
12C18O_168h_100_P14_coass_bin.8	0	0	0	0	0	0	0	0	0	0	0	0	0	0	0	0	0	0	0	0	0	0	0	0
12C18O_48h_100_P08_coass_bin.18	0	0	0	0	0	0	0	0	0	0.5615687	0	0	0	0	0	0	0	0	0.69537073	0	0	0	0	0
12C18O_168h_50_P13_coass_bin.13	0	0	0	0	0	0	0	0	0	0	0.49721232	0.66426367	0	0	0	0	0	0	0	0	0.52839255	0	0	0
H3-16-all-fractions_metab_130.Bacteria_58_0	0	0	0	0	0	0	0	0	0	0	0	0	0	0	0	0	0	0	0	0	0	0	0	0
H3-16-all-fractions_metab_conc_60.Gemmatimonadetes_63_0	0	0	0	0	0	0	0	0	0	0	0	0	0	0	0	0	0	0	0	0	0	0	0	0
12C18O_168h_50_P09_coass_bin.24	0	0	0	0	0	0	0	0	0	0	0	0	0	0	0	0	0	0	0	0	0	0	0	0
12C16O_0h_50_P09_coass_bin.13	3.4475162	5.238025	2.8896196	4.1380444	3.5326493	5.4671693	3.5080364	4.8699665	3.2476885	4.7740974	3.2293048	4.912139	4.3447595	3.6469765	5.574749	4.386473	5.550908	3.8668842	5.6303883	4.104899	5.843115	4.340047	5.9340854	3.8256416
12C16O_72h_100_unf_bin.45	0	0	0	0	0	0	0	0	0	0	0	0	0	0	0	0	0	0	0	0	0	0	0	0
12C16O_48h_100_P08_coass_bin.21	0	0	0	0	0	0	0	0	0	0	0	0	0	0	0	0	0	0	0	0	0	0	0	0
12C16O_48h_50_P10_coass_bin.38	0	0	0	0	1.6461535	0	0	0	0	0	0	0	0	0	0	0	0	0	0	0	0	0	0	0
12C18O_24h_100_P08_coass_bin.24	0	0	0	0	0	0	0	0	0	0	0	0	0	0	0	0	0	0	0	0	0	0	0	0
H1-18-all-fractions_maxb_99.Actinobacteria_69_12	0	0	0	0	0	0	0	0	0	0	0	0	0	0	0	0	0	0	0	0	0	0	0	0
12C16O_48h_50_P10_coass_bin.39	0	0	0	0	0	0	1.7462677	0.7880279	1.4689064	1.2405131	1.8057507	1.6334811	0.6178603	0	0	1.0231873	0	0.91889834	0.61906075	2.21554	1.3410008	1.2999352	0	0.91545075
12C16O_72h_100_unf_bin.44	0	0	0	0	0	0	0	0	0	0	0	0	0	0	0	0	0	0	0	0	0	0	0	0
H3-16-all-fractions_metab_conc_32.Actinobacteria_69_0	0	0	0	0	0	1.8159624	0	0	0	0	0	0	0	0	0	0	0	0	1.2631451	0	1.3914841	0	0	0
12C18O_168h_50_P09_coass_bin.25	0	0	0	0	0	0	0	0	0	0	0	0	0	0	0	0	0	0	0	0	0	0	0	0
H3-18-all-fractions_metab_conc_57.Acidobacteria_56_18	0	0	0	0	0	0	0	0	0	0	0	0	0	0	0	0	0	0	0	0	0	0	0	0
H3-16-all-fractions_metab_conc_83.Actinobacteria_70_0	6.02138	6.364705	5.218371	5.8137035	4.5336366	5.2143474	4.6629114	3.9523559	3.8200922	4.0560884	3.029102	3.5202966	5.8974147	4.8537335	4.7822948	5.403968	4.405726	4.227581	4.865519	3.677173	3.666047	5.297212	4.3739424	4.3794856
H2-18-all-fractions_metab_maxbC_80.Verrucomicrobia_59_11	0	0	0	0	0	0	0	0	0	0	0	0	0	0	0	0	0	0	0	0	0	0	0	0
12C16O_0h_50_unf_bin.20	0	0	0	0	1.198159	1.0942489	0	0	0	0	0.6882266	0.6879944	0	0	0	0	0	0	0	0	0	0	0	0
12C18O_48h_100_P16_coass_bin.36	0	0	0	0	0	0	0	0	0	0.8545265	0	0	0	0	0	0	0	0	0	0	0	0	0	0
12C16O_24h_100_unf_bin.50	1.5332258	1.8003548	1.402245	1.7459397	1.5356997	0	0	1.2019717	0	1.0508505	1.0135558	0	1.49254	1.2675799	1.4473068	1.3197615	1.3320096	0	1.3055062	0	0	1.2835368	1.2362362	0
H3-16-all-fractions_metab_conc_98.Alphaproteobacteria_63_0	1.1128031	0	0.99437994	1.2852699	0	0.8312041	0.94335306	0.7420795	0.7802205	0.9344017	0	0	1.1817716	0.9554148	0.92106164	1.0933698	0.8871914	0.9350496	1.0698212	0	0.6236874	1.0495185	0.8486021	0.90985763
H3-16-all-fractions_metab_maxbC_4.Bacteria_48_0	0	0	0	0	0	0	0	0	0	0	0	0	0	0	0	0	0	0	0	0	0	0	0	0
H1-18-all-fractions_conc_96.Pseudonocardiales_70_16	0	0	0	0	0	0	0	0	0	0	0	0	0	0	0	0	0	0	0	0	0	0	0	0
12C18O_168h_50_P13_coass_bin.12	1.8376113	2.1201718	1.6001705	2.1063638	0	0	0	0	0	1.2588164	0	0	0	0	0	0	0	0	1.548684	0	0	0	0	0
12C18O_168h_100_P14_coass_bin.30	0	0	0	0	0	0	0	0	0	0	0	0	0	0	0	0	0	0	0	0	0	0	0	0
12C18O_48h_100_P08_coass_bin.19	1.8923291	1.6846385	1.4881132	1.9722295	0	0	1.364043	0	0	1.1842039	0	0	1.716438	1.2958566	1.2795178	1.5634025	1.1834421	0	1.4442788	0	0	1.5188591	1.160154	1.1723847
12C16O_168h_100_unf_bin.21	0	0	0	0	0	0	0	0	0	0	0	0	0	0	0	0	0	0	0	0	0	0	0	0
H3-16-all-fractions_metab_maxbC_136.Myxococcales_66_0	0	0	0	0	0	0	0	0	0	0	0	0	0	0	0	0	0	0	0	0	0	0	0	0
H3-16-all-fractions_metab_44.Cytophagales_44_0	0	0	0	0	0	0	0	0	0	0	0	0	0	0	0	0	0	0	0	0	0	0	0	0
12C16O_72h_100_P08_coass_bin.6	0	0	0	0	0	0	0	0	0	0	0	0	0	0	0	0	0	0	0	0	0	0	0	0
12C16O_24h_100_unf_bin.18	1.5977693	1.1447097	1.4648	1.6079891	2.1654785	1.6411792	1.3255005	1.3706114	1.1740301	1.26	1.4577812	1.0694404	1.9771336	1.7763376	2.1186445	1.6502109	1.700334	1.3627946	1.6207136	1.9569191	1.2756861	1.522881	1.691605	1.4571863
H2-16-all-fractions_metab_conc_5.Streptomyces_sviceus_71_22	1.8713622	2.7436962	2.587124	1.751939	1.8919767	2.7137635	2.199002	2.0933702	3.535869	1.9272215	2.1544776	2.8693614	1.8579595	2.0729625	1.697817	1.9469268	1.8574558	2.0884502	1.5171083	1.6269304	2.0205743	1.7527419	1.8675079	2.3203795
12C16O_72h_100_P14_coass_bin.22	7.748134	10.453678	5.7490435	8.012735	5.8476977	6.0454745	3.4285452	5.698902	2.164056	3.4113603	2.550256	3.28693	4.781065	2.9512174	7.0482287	4.0574284	6.6712313	2.4348843	4.0493965	2.8907444	3.5552607	4.061494	6.2582917	3.0213404
12C16O_24h_100_unf_bin.47	3.5508766	2.005902	2.6696956	3.8522487	2.3239448	3.586873	3.7729862	3.605842	2.7802362	3.5902386	2.060692	3.1644428	4.6396832	3.111964	4.54218	4.2962174	4.0599833	2.9859562	4.0647717	2.5295665	3.451062	3.950496	3.91497	2.6674268
H3-16-all-fractions_metab_conc_100.Burkholderiales_71_0	0	0	0	0	0	0	0	0	0	0	0	0	0	0	0	0	0	0	0	0	0	0	0	0
H2-18-all-fractions_metab_conc_82.Actinobacteria_69_16	0	0	0	0	0	0	0	0	0	0	0	0	0	0	0	0	0	0	0	0	0	0	0	0
12C16O_48h_50_unf_bin.39	0	0	0	0	0.81428707	0	0	0.75604904	0	0	0.7613514	0.79606044	0	0	0	0	0.7875801	0	0	1.0943936	1.128193	0	0.7427344	0
H2-16-all-fractions_metab_conc_1.Acidobacteriales_58_9	0	0	0	0	0	0	0	0	0	0	0	0	0	0	0	0	0	0	0	0	0	0	0	0
H1-16-all-fractions_metab_conc_57.Solirubrobacterales_72_43	3.1503637	2.4418583	2.2941303	3.3116324	1.9681123	1.8216405	2.0052745	1.331904	1.3344783	1.86546	1.1452743	0	2.7993913	1.813197	1.7056434	2.5657597	1.6948715	1.5908878	2.4384818	1.4879745	1.2566361	2.4540455	1.510853	1.6972021
H3-16-all-fractions_maxb_26.Sphingobacteriales_42_0	0	0	0	0	0	0	0	0	0	0	0	0	0	0	0	0	0	0	0	0	0	0	0	0
12C16O_168h_100_P14_coass_bin.8	0	0	0	0	0	0	0	0	0	0	0	0	0	0	0	0	0	0	0	0	0	0	0	0
12C16O_168h_50_P10_coass_bin.17	0	0	0	0	0.9939225	0	0	0	0	0	0	0	0	0	0	0	0	0	0	0	0	0	0	0
12C16O_168h_100_unf_bin.19	2.6691284	3.1079915	3.0962088	2.89138	2.637021	0	0	0	0	0	0	0	0	2.6332562	0	0	0	2.2849953	2.007993	0	0	0	2.087846	2.4528694
12C16O_0h_50_P10_coass_bin.19	0	0	0	0	0	0	0	0	0	0	0	0	0	0	0	0	0	0	0	0	0	0	0	0
12C16O_24h_100_P14_coass_bin.34	0	0	0	0	0	0	0	0	0	0	0	0	0	0	0	0	0	0	0	0	0	0	0	0
H2-16-all-fractions_metab_conc_43.Acidobacteriales_58_14	0	0	0	0	0	0	0	0	0	0	0	0	0	0	0	0	0	0	0	0	0	0	0	0
H1-18-all-fractions_metab_conc_86.Conexibacter_woesei_72_14	2.5706632	3.7217507	2.520239	0	3.3269	3.5017552	0	0	0	0	2.0495818	2.3850553	0	2.191552	0	0	2.3786633	0	0	2.5750313	2.6699705	0	0	0
12C18O_168h_50_P09_coass_bin.3	0	0	0	0	0	0	0.7066379	0	0	0.742075	0	0	0.8792751	0	0	0.80857	0	0	0.9329319	0	0	0.71337855	0	0
12C16O_168h_50_P09_coass_bin.24	0	0	0	0	0	0	0	0	0	0	0	0	0	0	0	0	0	0	0	0	0	0	0	0
H3-16-all-fractions_metab_conc_1.Bacteria_58_0	0	0	0	0	0	0	0	0	0	0	0	0	0	0	0	0	0	0	0	0	0	0	0	0
12C18O_72h_100_P16_coass_bin.24	0	0	0	0	0	0	0	0	0	0	0	0	0	0	0	0	0	0	0	0	0	0	0	0
12C16O_0h_100_P16_coass_bin.1	0.93396866	0	0.81870824	0	1.3304211	1.2989773	1.2058895	1.0665983	1.036505	1.0419427	1.4244316	1.4879143	1.1127602	0.8714778	0.98626333	1.0903078	0.9439435	0.9048435	0.881689	1.5013607	1.4436073	1.1262	0.98806334	0.88226676
12C16O_48h_50_unf_bin.16	0	0	0	0	0	0	0	0	0	0	0	0	0	0	0	0	0	0	0	0	0	0	0	0
H3-16-all-fractions_metab_conc_6.RIF_CHLX_71_0	1.3385813	1.5221171	0	1.3778743	0	0	1.0589441	0	0	1.034708	0	0	0	0	0	0	0	0	0.9992499	0	0	0	0	0
12C16O_168h_50_P13_coass_bin.11	0	0	0	0	0	0	0.83097297	0.9197652	1.5912406	0	1.4081733	1.8705813	0	0	0	0	0	0.69809324	0	1.2610435	1.4026793	0	0	0.7843497
H3-18-all-fractions_metab_maxbC_50.Actinobacteria_69_9	0	0	0	0	0	0	0	0	0	0	0	0	0	0	0	0	0	0	0	0	0	0	0	0
H2-18-all-fractions_metab_49.Bacteria_55_6	0	0	0	0	0	0	0	0	0	0	0	0	0	0	0	0	0	0	0	0	0	0	0	0
H3-16-all-fractions_metab_conc_38.Bacteria_65_0	0.69277024	0	0	0	0	0	1.3807635	0.75367695	0.851305	1.0419806	1.0066388	0	1.1251775	0	0	1.1042143	0.69579816	0	0.85678023	1.005045	0	1.0765846	0.6198943	0
12C16O_24h_100_unf_bin.35	0	0	0	0	0	0	0	0	0	0	0	0	0	0	0	0	0	0	0	0	0	0	0	0
12C16O_168h_50_P09_coass_bin.26	2.2927089	3.0230749	2.340899	1.3665336	1.2106836	0.9619412	1.8672998	2.1038861	1.9264355	1.0856832	1.0762023	0	2.6630816	2.5403008	2.3621361	2.5949247	2.2585022	2.2047682	1.4428177	1.1625594	0	2.4926846	2.3816302	2.1609273
12C18O_168h_50_P13_coass_bin.28	0	0	0	0	0	0	0	0	0	0	0	0	0	0	0	0	0	0	0	0	0	0	0	0
12C16O_48h_50_P09_coass_bin.4	0	0	0	0.655741	0	0	1.2146714	0.58960223	0.6269629	1.2631223	0	0	1.4618825	0.81612873	0.8426847	1.3662546	0.7807301	0.785112	1.5546018	0	0.5752466	1.237127	0.66586316	0.6939771
12C16O_24h_100_P14_coass_bin.36	0	0	0	0	0	0	0	0	0	0	0	0	0	0	0	0	0	0	0	0	0	0	0	0
H2-16-all-fractions_metab_conc_77.Actinobacteria_71_48	7.060864	7.6457133	6.5721416	7.8936253	6.334971	5.656952	3.4942205	3.2946243	2.9198475	3.343385	3.1526966	2.8344355	4.8617787	4.0818276	4.254276	4.495941	4.516369	3.4935398	4.4648275	4.0200124	3.442308	4.278229	3.6754591	3.8926923
12C16O_24h_100_unf_bin.22	0	0	0	0	0	0	0	0	0	0	0	0	0	0	0	0	0	0	0	0	0	0	0	0
12C18O_24h_100_P08_coass_bin.27	0	0	0	0	0	0	0	0	0	0	0	0	0	0	0	0	0	0	0	0	0	0	0	0
12C16O_48h_100_unf_bin.14	1.3837564	0.99058086	1.3553503	1.4086756	2.0172706	1.5129824	1.1450363	1.2286801	1.0651361	1.0997362	1.3469298	0.9545911	1.4615489	1.2996359	1.5405207	1.7185396	1.8982228	1.5411791	1.4055027	1.7703174	1.1642598	1.3568343	1.5392066	1.2930229
H1-16-all-fractions_metab_74.Sphingomonadales_70_12	0	0	0	0	0	0	0	0	0	0	0	0	0	0	0	0	0	0	0	0	0	0	0	0
12C16O_168h_50_P10_coass_bin.1	1.2675226	0	0.72708	1.7931168	1.0298748	0	0.8267318	0	0	1.2811382	0.79832363	0	1.0524508	0.7566131	0	0.88755715	0	0.7188162	1.5761716	0.8253314	0	0.92836547	0	0
12C18O_72h_100_P16_coass_bin.5	0	0	0	0	0	0	0	0	0	0	0	0	0	0	0	0	0	0	0	0	0	0	0	0
12C18O_72h_100_P08_coass_bin.5	1.7077461	0	1.3251926	1.7851447	0	0	1.2421355	0	0	1.0612857	0	0	1.5143765	0	0	1.4388565	0	0	1.3233926	0	0	1.3800162	0	0
H3-16-all-fractions_metab_maxbC_112.Burkholderiales_62_0	0	0	0	0	0	0	0	0	0	0	0	0	0	0	0	0	0	0	0	0	0	0	0	0
H3-16-all-fractions_metab_conc_13.Lysobacter_68_0	0	0	0	0	0	0	0.8604274	2.2440598	2.0781772	1.0866293	0.98139405	4.253415	0	0	0	0	0.69596875	0	0	0	2.076758	0	1.1276824	0.8930564
H3-18-all-fractions_metab_8.Gemmatimonadetes_73_36	0	0	0	0	0	0	0	0	0	0	0	0	0	0	0	0	0	0	0	0	0	0	0	0
H3-16-all-fractions_metab_conc_10.Gemmatimonadetes_68_0	0	0	0	0	0	0	0	0	0	0	0	0	0	0	0	0	0	0	0	0	0	0	0	0
12C18O_72h_100_P08_coass_bin.31	0	0	0	0	0	0	0	0	0	0	0	0	0	0	0	0	0	0	0	0	0	0	0	0
H1-16-all-fractions_metab_31.Corynebacterium_durum_57_11	0	0	0	0	0	0	0	0	0	0	0	0	0	0	0	0	0	0	0	0	0	0	0	0
H3-18-all-fractions_conc_15.Actinobacteria_69_13	0	0	0	0	0	0	0	0	0	0	0	0	0	0	0	0	0	0	0	0	0	0	0	0
12C18O_48h_100_P16_coass_bin.34	0	1.0195128	1.2629354	0	0.6417587	0	0	1.1742426	1.055191	0	0.557036	0.9075362	0	1.0808622	1.1029248	0	0.9259398	1.2139965	0	0	0.7373388	0	0.9709223	1.4635141
12C18O_168h_100_P14_coass_bin.33	0	0	0	0	0	0	0	0	0	0	0	0	0	0	0	0	0	0	0	0	0	0	0	0
H3-16-all-fractions_metab_25.Hyalangium_minutum_68_0	0	0	0	0	0	0	1.2940438	0.8934327	1.2469082	1.6043364	0	0.932556	0	0	0	0	0	0	0.62728834	0	0	0	0	0
H1-18-all-fractions_metab_conc_23.RIF_CHLX_70_21	0	0	0	0	0	0	0	0	0	0	0	0	0	0	0	0	0	0	0	0	0	0	0	0
H3-16-all-fractions_metab_47.Bacteria_61_0	0	0	0	0	0	0	0	0	0	0	0	0	0	0	0	0	0	0	0	0	0	0	0	0
12C16O_48h_50_P13_coass_bin.11	0	0	0	0	0	0	0	0	0	0	0	0	0	0	0	0	0	0	0	0	0	0	0	0
12C18O_24h_100_P16_coass_bin.26	0	0	0	0	0	0	0	0	0	0	0	0	0	0	0	0	0	0	0	0	0	0	0	0
H3-18-all-fractions_metab_conc_30.Actinobacteria_69_22	1.0936126	0	0	1.2147582	0	0	0	0	0	0	0	0	0	0	0	0	0	0	0.8598149	0	0	0	0	0
12C16O_72h_100_P16_coass_bin.5	1.1094221	1.9460762	2.479922	0	1.2674701	1.5523062	1.1914871	2.6221092	2.1299486	0	1.176219	1.8105254	1.3974731	2.1156607	2.3092628	1.022653	1.9233932	2.3741872	0	1.3618659	1.4669117	1.3214527	2.0016646	3.266524
12C18O_72h_100_P14_coass_bin.20	0	0	0	0	0	0	0	0	0	0	0	0	0	0	0	0	0	0	0	0	0	0	0	0
H3-16-all-fractions_metab_conc_36.Acidobacteriales_61_0	0	0	0	0	0	0	0	0	0	0	0	0	0	0	0	0	0	0	0	0	0	0	0	0
12C16O_72h_100_P16_coass_bin.26	0	0	0	0	0	0	0	0	0	0	0	0	0	0	0	0	0	0	0	0	0	0	0	0
12C16O_48h_100_P14_coass_bin.33	0	0	0	0	0	0	0	0	0	0	0	0	0	0	0	0	0	0	0	0	0	0	0	0
H2-16-all-fractions_metab_conc_19.Actinobacteria_69_35	2.9237466	2.862558	2.0552888	3.3367345	1.4695063	2.0487485	2.1106102	1.8629495	1.3616519	2.0221174	0.9794309	1.2724298	2.6255734	1.7259481	2.103781	2.4653623	2.1041503	1.532468	2.4719138	0	1.4070438	2.4476137	1.954906	1.5952225
H3-16-all-fractions_metab_conc_77.Bacteria_60_0	0	0	0	0	0	0	0	0	0	0	0	0	0	0	0	0	0	0	0	0	0	0	0	0
12C16O_72h_100_unf_bin.18	0	0	0	0	0	0	0	0	0	0	0	0	0	0	0	0	0	0	0	0	0	0	0	0
12C18O_72h_100_P08_coass_bin.4	0	0	0	0	0	0	0	0	0	0	0.8062928	0	0	0	0	0	0	0	0	0	0	0	0	0
12C16O_0h_50_P09_coass_bin.11	0	0	0	0	0	0	0	0	0	0	0	0	0	0	0	0	0	0	0	0	0	0	0	0
H2-16-all-fractions_metab_conc_100.Burkholderia_graminis_63_15	0	0	0	0	0	0	0	0	0	0	0	0	0	0	0	0	0	0	0	0	0	0	0	0
H3-18-all-fractions_metab_conc_21.Bacteria_57_12	0	0	0	0	0	0	0	0	0	0	0	0	0	0	0	0	0	0	0	0	0	0	0	0
12C16O_24h_100_unf_bin.34	0	0	0	0	0	0	0	0	0	0	0	0	0	0	0	0	0	0	0	0	0	0	0	0
H1-18-all-fractions_metab_conc_22.Bacteria_59_8	0	0	0	0	0	0	0	0	0	0	0	0	0	0	0	0	0	0	0	0	0	0	0	0
12C18O_72h_100_P14_coass_bin.18	0	0	0	1.8992878	0	0	0	0	0	0	0	0	0	0	0	0	0	0	0	0	0	0	0	0
12C16O_0h_100_P16_coass_bin.2	0.93405616	1.174045	0.978997	0.6783565	1.8806564	1.762243	0.8692873	0.9701388	0.85332173	0.6353423	1.3801043	1.3756067	0.90027684	0.8273137	0.9481973	0.76104444	0.79448044	0.7153104	0.5661723	1.2914399	1.1318496	0.7860525	0.88933563	0.7506966
12C16O_48h_50_unf_bin.15	0	0	0	0	0	0	0	0	0	0	0	0	0	0	0	0	0	0	0	0	0	0	0	0
H2-18-all-fractions_metab_conc_62.Actinobacteria_69_13	0	0	0	0	0	0	0	0	0	0	0	0	0	0	0	0	0	0	0	0	0	0	0	0
12C18O_168h_100_P16_coass_bin.34	0	0	0	0	0	0	0	0	0	0	0	0	0	0	0	0	0	0	0	0	0	0	0	0
12C16O_168h_50_P09_coass_bin.27	2.2542949	3.0927434	2.2311807	2.6038384	2.9873025	3.2226925	1.5197624	1.9849509	1.3143156	1.4378266	1.890126	1.9746209	1.8227369	1.733363	2.2735658	1.6050975	2.1585667	1.5077553	1.6729195	2.2061987	2.299714	1.6505682	2.1179404	1.6234493
12C16O_0h_50_P09_coass_bin.29	1.1479958	0.8909214	1.3454117	1.5577317	1.817291	1.1780503	1.4225553	1.5343835	1.473777	1.7054154	1.7171199	1.3101487	1.31665	1.4396068	1.72265	1.2965902	1.5787995	1.4089543	1.4803685	1.6350759	1.0591278	1.2666268	1.607076	1.4909006
H1-18-all-fractions_metab_conc_19.Rhizobiales_64_12	0.86741745	0	0.78653663	0.8655427	0.7680778	0.77873516	0.8683424	0.83597505	0.75607806	0.76741946	0.6563157	0.705101	0.8657763	0.7523235	0.9033233	0.8401697	0.874006	0.6784792	0.72135186	0.66141057	0.64628345	0.7944116	0.8429123	0.710295
H3-18-all-fractions_metab_conc_69.Acidobacteria_55_11	0	0	0	0	0	0	0	0	0	0	0	0	0	0	0	0	0	0	0	0	0	0	0	0
H2-16-all-fractions_metab_conc_131.Actinobacteria_71_27	0	0	0	0	0	0	0	0	0	0	0	0	0	0	0	0	0	0	0	0	0	0	0	0
12C16O_0h_50_unf_bin.34	4.0758204	4.998961	3.7145267	4.667286	4.742168	3.664799	3.1319296	3.243797	2.570649	2.8628836	3.0372498	2.34156	3.6857302	3.0934134	3.7023609	3.594326	3.682099	2.9122643	3.4419694	3.6254888	2.6078916	3.4688818	3.393887	2.9264789
12C16O_72h_100_unf_bin.7	0	0	0	0	0	0	0	0	0	0	0	0	0	0	0	0	0	0	0	0	0	0	0	0
12C16O_168h_100_P16_coass_bin.10	0	0	0	0	0	0	0	0	0	0	0	0	0	0	0	0	0	0	0	0	0	0	0	0
H3-16-all-fractions_metab_conc_30.Propionibacteriales_71_0	0	0	0	0	0	0	0	0	0	0	0	0	0	0	0	0	0	0	0	0	0	0	0	0
12C16O_168h_50_P10_coass_bin.4	0	0	0	0	0	0	0	0	0	0	0.52555305	0	0	0	0	0	0	0	0	0	0	0	0	0
12C16O_168h_50_P10_coass_bin.28	0	0	0	0	0	0	0	0	0	0	3.028192	0	0	0	0	0	0	0	0	0	0	0	0	0
H2-18-all-fractions_metab_conc_15.Gemmatimonadetes_61_16	0	0	0	0	0	0	0	0	0	0	0	0	0	0	0	0	0	0	0	0	0	0	0	0
12C18O_72h_100_P16_coass_bin.34	0	0	0	0	0	0	0	0	0	0	0	0	0	0	0	0	0	0	0	0	0	0	0	0
H1-16-all-fractions_metab_conc_2.Bradyrhizobium_62_16	1.7478975	1.8699745	1.9353243	1.7897693	1.9078621	3.222391	2.3005373	2.656122	2.4976754	2.092306	1.9317542	3.4214797	2.1828399	2.0744061	2.4256968	2.2148924	2.3935492	2.1530654	1.9753381	2.1924279	3.3043807	2.312212	2.452722	1.9711175
H1-18-all-fractions_metab_maxb_45.Sphingobacteriales_37_7	0	0	0	0	0	0	0	0	0	0	0	0	0	0	0	0	0	0	0	0	0	0	0	0
12C16O_0h_100_P08_coass_bin.20	0.5890207	0	0	0.8269523	0	0	0.81469303	0	0.6663836	0.95482683	0	0	0.98779935	0.65582895	0	0.80083793	0	0.80116034	0.9401165	0	0	0.6621089	0	0
12C18O_168h_100_P08_coass_bin.27	0	0	0	0	0	0	0	0	1.2343322	0	0.8483465	1.1337602	0	0	0	0	0	0	0	0	0.78294045	0	0	0
12C16O_72h_100_P08_coass_bin.1	0	0	0	0	0	0	0	0	0	0	0	0	0	0	0	0	0	0	0	0	0	0	0	0
12C18O_168h_50_P10_coass_bin.11	0	0	0	0	0	0	0	0	0	0	0	0	0	0	0	0	0	0	0	0	0	0	0	0
H3-18-all-fractions_metab_conc_14.Acidobacteria_55_25	0	0	0	0	0	0	0	0	0	0	0	0	0	0	0	0	0	0	0	0	0	0	0	0
12C16O_48h_100_unf_bin.29	0	0	0	0	0	0	0	0	0	0	0	0	0	0	0	0	0	0	0	0	0	0	0	0
12C16O_72h_100_P14_coass_bin.25	0	0	0	0	0	0	0	0	0	0	0	0	0	0	0	0	0	0	0	0	0	0	0	0
H2-16-all-fractions_metab_conc_62.Propionibacteriales_70_25	0	0	0	0	0	0	0	0	0	0	0	0	0	0	0	0	0	0	0	0	0	0	0	0
H2-16-all-fractions_metab_conc_47.Alphaproteobacteria_65_18	0	0	0	0	0	0	0	0	0	0	0	0	0	0	0	0	0	0	0	0	0	0	0	0
12C18O_168h_100_P14_coass_bin.20	0	0	0	0	0	0	0	0	0	0	0	0	0	0	0	0	0	0	0	0	0	0	0	0
12C16O_168h_100_P16_coass_bin.28	0	0.95701617	2.9545748	0	1.1951768	0	1.2209343	1.8632675	3.3740792	1.0722827	1.7822571	1.0811281	0	2.482178	1.2700691	0	1.3885839	3.2611303	0	1.9154264	1.0271875	1.1091114	1.5032816	3.376287
H1-18-all-fractions_metab_conc_47.Burkholderiales_71_15	0	0	0	0	0	0	0	0	0	0	0	1.2851608	0	0	0	0	0	0	0	0	0	0	0	0
12C16O_48h_50_P10_coass_bin.29	0	0	0	0	1.2241269	0	1.6722927	1.904692	1.1161445	1.6953791	4.683643	1.8149191	0	0	1.0609076	0	1.2882432	1.0070499	1.0963488	4.3438883	1.385239	1.1936412	1.2836864	0
12C18O_168h_100_P16_coass_bin.30	0	0	0	0	0	0	0	0	0	0	0	0	0	0	0	0	0	0	0	0	0	0	0	0
12C16O_48h_50_P09_coass_bin.1	0	0	0	0	0	0	0	0	0	0	0	0	0	0	0	0	0	0	0	0	0	0	0	0
12C16O_48h_50_unf_bin.11	0	0	0	0	0	0	0	0	0	0	0	0	0	0	0	0	0	0	0	0	0	0	0	0
12C16O_0h_100_P08_coass_bin.18	4.1681066	4.358279	3.1175983	4.809185	2.5910528	3.0587099	2.8677552	2.466657	1.9060183	2.881638	1.5883526	1.8402628	3.9066029	2.630711	3.2608678	3.5118012	2.9589295	2.239156	3.551229	2.0015607	1.9753865	3.3224878	2.7978995	2.294513
H3-16-all-fractions_metab_maxb_73.Sphingobacteriales_41_0	0	0	0	0	0	0	0	0	0	0	0	0	0	0	0	0	0	0	0	0	0	0	0	0
12C18O_72h_100_P16_coass_bin.23	0	0	0	0	0	0	0	0	0	0	0	0	0	0	0	0	0	0	0	0	0	0	0	0
H3-16-all-fractions_metab_155.Actinobacteria_71_0	1.4862248	0	1.0593747	1.8810996	0	0	0	0	0	0	0	0	0	0	0	0	0	0	0.96866727	0	0	0	0	0
12C16O_168h_100_unf_bin.9	0	0	0	0	0	0	0	0	0	0	0	0	0	0	0	0	0	0	0	0	0	0	0	0
12C16O_24h_100_unf_bin.31	0	0	0	0	0	0	0	0	0	0	0	0	0	0	0	0	0	0	0	0	0	0	0	0
H2-16-all-fractions_metab_138.Actinobacteria_69_25	0	0	0	0	1.3617243	0	0	0	0	0	0	0	0	0	0	0	0	0	0	0	0	0	0	0
H1-18-all-fractions_conc_53.Chloroflexi_64_10	0	0	0	0	0	0	0	0	0	0	0	0	0	0	0	0	0	0	0	0	0	0	0	0
H1-18-all-fractions_conc_118.Deltaproteobacteria_70_14	0	0	0	0	0	0	0	0	0	0	0	0	0	0	0	0	0	0	0	0	0	0	0	0
12C16O_24h_100_unf_bin.5	3.0537882	3.4085345	3.9189718	2.500825	4.2317004	5.3605127	4.266463	5.1429505	5.675931	3.823332	4.647491	6.3806725	4.0470195	4.914748	4.428271	4.2202835	4.2174664	4.861303	3.4224648	5.1915445	6.365433	4.2839484	4.5690255	4.252298
12C16O_168h_50_P10_coass_bin.11	0	0	0	0	0.97444755	1.0375595	1.0631815	1.1286731	1.0565869	0	1.7683146	1.5408292	0.9963214	0.92457354	1.0202492	0.9997202	0.9570353	0.9460078	0	1.7488515	1.4379367	1.0325572	1.0765244	0.9397105
H3-18-all-fractions_metab_conc_20.Propionibacteriales_70_14	0	0	0	0	0	0	0	0	0	0	0	0	0	0	0	0	0	0	0	0	0	0	0	0
12C16O_48h_50_unf_bin.28	0	0	0	0	0	0	0	0	0	0	0	0	0	0	0	0	0	0	0	0	0	0	0	0
12C16O_168h_100_P08_coass_bin.11	4.6354175	6.926898	4.70942	5.387414	6.8465977	7.1245704	3.1255443	4.4475827	2.6913896	2.8945036	4.261811	4.3576574	3.6257622	3.6233613	4.9132915	3.2021177	4.670899	3.0496452	3.3396788	4.9980106	5.1397953	3.2659361	4.586159	3.3321226
H1-16-all-fractions_metab_conc_94.Propionibacteriales_69_21	0	0	0	0	0	0	0	0	0	0	0	0	0	0	0	0	0	0	0	0	0	0	0	0
12C18O_168h_100_P08_coass_bin.8	0	0	0	0	0	0	0	0	0	0	0	0	0	0	0	0	0	0	0	0	0	0	0	0
12C16O_48h_100_P08_coass_bin.8	1.1569796	0	0.8690195	0	1.9309001	1.5394484	1.2199296	1.0622964	0.95389247	0	1.8238276	1.4590088	1.4816729	1.0962752	1.0366262	1.5884055	1.026314	1.0640559	0.9349638	2.2373106	1.5709718	1.5668685	1.1564004	1.0932215
12C16O_72h_100_P14_coass_bin.33	0	0	0	0	0	0	0	0	0	0.71935505	0	0	0	0	0	0	0	0	0	0	0	0	0	0
H1-16-all-fractions_metab_conc_37.Actinobacteria_70_13	1.0156665	1.3614739	0.88689387	1.1311891	0	1.2655889	0	0.841229	0	0.73365605	0	0.796543	0.9306003	0	1.0162323	0.8735981	0.94653404	0	0.86312747	0	0.8391513	0.8150593	0.94230014	0
12C16O_48h_50_P10_coass_bin.10	0	0	0	0	0	0	0	0	1.0036557	0	0.90417135	1.1552837	0	0	0	0	0	0	0	0	0.8634381	0	0	0
12C16O_72h_100_P08_coass_bin.23	0	0	0	0	0	0	0	0	0	0	0	0	0	0	0	0	0	0	0	0	0	0	0	0
12C18O_24h_100_P14_coass_bin.33	0	0	0	0	0	0	0	0	0	0	0	0	0	0	0	0	0	0	0	0	0	0	0	0
H1-18-all-fractions_metab_conc_105.Acidobacteria_57_8	0	0	0	0	0	0	0	0	0	0	0	0	0	0	0	0	0	0	0	0	0	0	0	0
12C16O_0h_50_P13_coass_bin.4	0	0	0	0	0.9919943	0	0	0	0	0	1.0269827	0.90925646	0	0	0	0	0	0.76027155	0	1.1759446	1.0275168	0	0	0.7379472
12C18O_168h_50_P10_coass_bin.6	2.2021909	3.087707	3.0420716	1.5314367	4.865322	5.5437083	1.6140212	2.408685	2.091831	1.0572153	3.2635267	3.7457268	2.024443	2.4942932	2.8162127	1.8325126	2.6057944	2.190744	1.2476885	4.0471797	4.3419514	1.8551536	2.7356393	2.3794613
12C16O_72h_100_P08_coass_bin.2	0	0	0	0	1.3431485	0	0	0	0	0	1.2507708	1.0608559	1.0186048	0	0	1.0914994	0	0	0	1.5305308	1.1486565	1.0729747	0	0
12C16O_72h_100_P16_coass_bin.2	0	0	0	0	0	0	0	0	0	0	0	0	0	0	0	0	0	0	0	0	0	0	0	0
12C16O_48h_50_P13_coass_bin.16	0	0	0	0	0	0	0	0	0	0	0	0	0	0	0	0	0	0	0	0	0	0	0	0
12C16O_168h_100_unf_bin.25	0	0	0	0	0	0	0	0	0	0	0	0	0	0	0	0	0	0	0	0	0	0	0	0
12C18O_168h_50_P10_coass_bin.12	1.5284934	0	1.3614033	1.8960184	1.916398	1.4095271	1.993477	1.9093189	1.6053804	1.9834723	2.078469	1.6765819	1.8689568	1.516751	2.102697	1.6735125	1.62247	1.4072572	1.6831967	1.9164618	1.5025826	1.6342018	1.73325	1.4439187
12C18O_168h_50_P13_coass_bin.16	0	0	0	0	0	0	0	0	0	0	0	0	0	0	0	0	0	0	0	0	0	0	0	0
H2-16-all-fractions_metab_63.Actinobacteria_69_71	1.8401495	2.3909566	1.7586476	2.2477443	0	1.9028671	1.3667799	1.5830866	0	1.3635192	0	1.0899745	1.6230608	1.4675959	1.8244488	1.439257	1.7180035	1.2494451	1.5154431	0	1.2225668	1.4699938	1.6478149	1.3278477
H1-18-all-fractions_conc_55.Burkholderiales_64_14	0	0	0	0	0	0	0	0	0	0	0	0	0	0	0	0	0	0	0	0	0	0	0	0
12C18O_168h_100_P08_coass_bin.24	0	0	0	0	0	0	0	0	0	0	0	0	0	0	0	0	0	0	0	0	0	0	0	0
H1-18-all-fractions_metab_maxbC_65.Verrucomicrobia_60_17	0	0	0	0	0	0	0	0	0	0	0	0	0	0	0	0	0	0	0	0	0	0	0	0
H3-16-all-fractions_metab_conc_118.Mycobacterium_smegmatis_66_0	1.475454	1.757861	1.8178995	1.6246912	1.4494979	2.0396547	1.5563309	1.800678	1.9415004	1.6286088	1.33405	1.8725274	1.9831731	2.2130332	2.0017526	1.9013555	2.1526618	2.1835063	1.9209864	1.5969675	1.9459732	1.6801714	1.9069505	1.9674976
H3-16-all-fractions_metab_conc_87.Propionibacteriales_68_0	0	0	0	0	0	0	0	0	0	0	0	0	0	0	0	0	0	0	0	0	0	0	0	0
H2-16-all-fractions_metab_123.Actinobacteria_72_22	1.4538684	0	1.218997	1.6538758	0	0	0	0	0	0.98577136	0	0	0	0	0	0	0	0	1.1825552	0	0	0	0	0
12C16O_48h_100_P14_coass_bin.34	0	0	0	0	0	0	0	0	0	0	0	0	0	0	0	0	0	0	0	0	0	0	0	0
12C18O_48h_100_P08_coass_bin.32	1.1771609	1.3512329	1.1752057	0	0	0	0	1.0530897	0	0	0	0	1.3759623	1.2524965	1.1612722	1.3191662	1.0932418	1.1190203	0	0	0	1.26621	1.1549598	1.0947506
12C18O_72h_100_P16_coass_bin.3	0	0	0	0	0	0	0	0	0	0	0	0	0	0	0	0	0	0	0	0	0	0	0	0
12C18O_168h_50_P09_coass_bin.21	3.161159	1.6720178	2.2802587	3.4614637	1.9046372	2.985648	3.3209083	3.0041113	2.3122602	3.2034693	1.6899358	2.6256726	3.6969597	2.417721	3.44782	3.8332846	3.4387214	2.5309365	3.6475527	2.0481296	2.841966	3.5078688	3.300039	2.334996
12C16O_24h_100_P16_coass_bin.18	1.0215945	0	1.0610394	1.0866683	0	1.1899228	1.0193822	1.0098239	0.9623115	0.90173715	0	0	1.149222	1.0501418	1.1682849	1.0950203	1.1049596	1.0326233	1.0110207	0	1.1108805	1.0523523	1.0170263	0.97893566
H1-18-all-fractions_metab_conc_57.Acidobacteria_55_29	0	0	0	0	0	0	0	0	0	0	0	0	0	0	0	0	0	0	0	0	0	0	0	0
12C16O_0h_100_P08_coass_bin.5	1.6520525	1.6454694	1.3550885	1.2412517	2.329359	2.3422499	2.1551685	1.8890119	1.8017515	1.8779906	2.569642	2.7426906	1.9121252	1.4365996	1.7127115	1.9091483	1.5833359	1.4861486	1.480489	2.66404	2.576158	1.9769694	1.7050139	1.4556059
12C16O_72h_100_P16_coass_bin.36	0	0	0	0	0	0	0	0	0	0	0	0	0	0	0	0	0	0	0	0	0	0	0	4.62527
12C16O_48h_50_unf_bin.12	0	0	0	0	0	0	0	0	0	0	0	0	0	0	0	0	0	0	0	0	0	0	0	0
H2-16-all-fractions_metab_12.Bacteria_57_7	0	0	0	0	0	0	0	0	0	0	0	0	0	0	0	0	0	0	0	0	0	0	0	0
12C16O_24h_100_P08_coass_bin.20	0	0	0	0	0	0	0	0	0	0	0	0	0	0	0	0	0	0	0	0	0	0	0	0
12C16O_168h_50_P13_coass_bin.8	3.8802903	4.0568285	3.0618508	4.6691837	2.5418134	2.566294	2.0490308	1.8657768	1.6333045	2.6691217	1.4002829	1.5240433	2.7025874	2.018008	2.2607281	2.589292	2.4341133	1.9070361	3.25936	1.859906	1.7384487	2.4706337	1.9628453	2.1354995
H3-16-all-fractions_metab_76.Alphaproteobacteria_69_0	1.4970704	1.5892961	1.2843738	1.2242054	1.3496889	1.6627412	1.4728987	1.3741238	1.3037058	1.2936517	1.219911	1.5510359	1.90042	1.4686323	1.5743029	1.7977227	1.432515	1.3879004	1.4509265	1.4551799	1.6604877	1.6524572	1.502657	1.3201582
H3-18-all-fractions_metab_conc_70.Bacteria_59_10	0	0	0	0	0	0	0	0	0	0	0	0	0	0	0	0	0	0	0	0	0	0	0	0
12C16O_48h_50_P09_coass_bin.2	0	0	0	0	0	0	0	0	0	0	0	0	0	0	0	0	0	0	0	0	0	0	0	0
12C16O_24h_100_P14_coass_bin.30	2.6905968	3.5018408	3.5918427	2.4833782	4.211535	2.0962446	1.9223752	2.0302145	2.3787668	1.5910099	2.5569124	1.3618358	2.2701263	2.9980896	2.5855901	2.1264565	2.2277343	2.597563	1.7762303	3.0010974	1.3732003	1.9859668	2.245933	2.7387013
H2-16-all-fractions_metab_conc_42.Caulobacterales_70_17	0	0	0	0	0	0	2.7134764	2.1081862	3.1632068	2.7910101	2.0611143	2.952047	0	0	0	1.6747634	1.5046088	1.8793434	1.4799228	2.0489929	2.62034	2.047149	1.5374196	1.8755271
12C16O_24h_100_P16_coass_bin.20	0	0	0	0	0	0	0	0	0	0	0	0	0	0	0	0	0	0	0	0	0	0	0	0
12C16O_72h_100_unf_bin.27	0	0	0	0	0	0	0	0	0	0	0	0	0	0	0	0	0	0	0	0	0	0	0	0
H3-16-all-fractions_metab_conc_31.Alphaproteobacteria_63_0	0	0	0	0	0	0	0	0	0	0	0	0	0	0	0	0	0	0	0	0	0	0	0	0
12C16O_48h_100_unf_bin.8	0	0	0	0	0	0	0	0	0	0	0	0	0	0	0	0	0	0	0	0	0	0	0	0
12C18O_168h_50_P13_coass_bin.9	0	0	0	0	0	0	0	0	0	0	0	0	0	0	0	0	0	0	0	0	0	0	0	0
12C16O_168h_50_P09_coass_bin.6	0	0	0	0	0	0	0	0	0	0	0	0	0	0	0	0	0	0	0	0	0	0	0	0
H1-18-all-fractions_metab_conc_2.Burkholderia_graminis_63_9	0	0	0	0	0	0	0	0	0	0	0	0	0	0	0	0	0	0	0	0	0	0	0	0
12C18O_48h_100_P16_coass_bin.25	0	0	0	0	0	0	0	0	0	0	0	0	0	0	0	0	0	0	0	0	0	0	0	0
12C16O_24h_100_unf_bin.43	0	0	0	0	0	0	0	0	0	0	0	0	0	0	0	0	0	0	0	0	0	0	0	0
12C16O_0h_100_unf_bin.13	0	0	0.50837487	0	0	0	0	0	0	0	0	0	0	0	0	0	0	0	0	0	0	0	0	0
12C16O_168h_50_unf_bin.10	1.6261023	1.3023943	1.6402018	1.7061484	2.821133	2.0225968	1.3310783	1.5974885	1.3084453	1.5182279	2.3093703	1.6249204	1.7312834	1.5809125	2.0434048	1.7039648	2.0008183	1.5301036	1.6840825	2.5364227	1.5963503	1.5814409	1.9928433	1.5499443
12C16O_168h_50_P13_coass_bin.16	0	0	0	0	0	0	0	0	0	0	0	0	0	0	0	0	0	0	0	0	0	0	0	0
12C16O_0h_100_unf_bin.7	0	0	0	0	0	0	0	0	0	0	0	0	0	0	0	0	0	0	0	0	0	0	0	0
12C16O_48h_50_P09_coass_bin.18	0	0	0	0	0	0	0	0	0	0	0	0	0	0	0	0	0	0	0	0	0	0	0	0
12C16O_0h_100_unf_bin.12	1.0593787	0	0.89406186	0.8708883	0	0	0.72592777	0	0	0.6443585	0	0	0.8576038	0	0	0.8224697	0	0	0.7354535	0	0	0.7559264	0	0
12C16O_24h_100_unf_bin.42	0	0	0	0	0	0	0	0	0	0	0	0	0	0	0	0	0	0	0	0	0	0	0	0
12C16O_72h_100_unf_bin.1	0	0	0	0	0	0	0	0	0	0	0	0	0	0	0	0	0	0	0	0	0	0	0	0
12C18O_24h_100_P08_coass_bin.18	0	0	0	0	0	0	0	0	0	0	0	0	0	0	0	0	0	0	0	0	0	0	0	0
12C16O_24h_100_unf_bin.32	0	0	0	0	0	0	0	0	0	0	0	0	0	0	0	0	0	0	0	0	0	0	0	0
H1-16-all-fractions_metab_conc_51.Actinobacteria_75_17	0	0	0	0	1.2426115	0	0	0	0	0	0	0	0	0	0	0	0	0	0	0	0	0	0	0
12C18O_48h_100_P08_coass_bin.24	0	0	0	0	0	0	0	0	0	0	0	0	0	0	0	0	0	0	0	0	0	0	0	0
12C16O_48h_50_P09_coass_bin.3	0	0	0	0	0	0	0	0	0	0	0	0	0	0	0	0	0	0	0	0	0	0	0	0
12C16O_168h_50_P09_coass_bin.21	0	0	0	0	0	0	0	0	0	0	0	0	0	0	0	0	0	0	0	0	0	0	0	0
H1-18-all-fractions_conc_108.Bacteria_69_11	0	1.1501282	0	0.8523554	0	0	0	0.9813118	0	0.7294196	0	0	0	0	0.953428	0	0.9640592	0	0.64035153	0	0	0	0.95359355	0
12C18O_72h_100_P14_coass_bin.5	0	0	0	0	0	0	0	0	0	0	0	0	0	0	0	0	0	0	0	0	0	0	0	0
H1-18-all-fractions_conc_32.Gemmatimonadetes_61_9	0	0	0	0	0	0	0	0	0	0	0	0	0	0	0	0	0	0	0	0	0	0	0	0
12C18O_72h_100_P08_coass_bin.19	0.6568356	0	0.7848198	0.7186565	0	0	4.1896367	3.1464264	5.014124	4.7554746	2.1013596	3.1950402	1.4148376	1.72669	1.662458	2.3214417	2.2601051	2.8264081	2.6213598	2.2856612	2.4106681	2.9741607	2.2501092	2.994128
12C16O_168h_50_unf_bin.28	0	0	0	0	0	0	0	0	0	0	0	0	0	0	0	0	0	0	0	0	0	0	0	0
H1-16-all-fractions_metab_conc_68.Ktedonobacter_racemifer_52_21	0	0	0	0	0	0	0	0	0	0	0	0	0	0	0	0	0	0	0	0	0	0	0	0
H3-16-all-fractions_metab_conc_152.Gemmatimonadetes_60_0	0	0	0	0	0	0	0	0	0	0	0	0	0	0	0	0	0	0	0	0	0	0	0	0
12C18O_72h_100_P16_coass_bin.2	0	0	0	0	0	0	0	0	0	0	0	0	0	0	0	0	0	0	0	0	0	0	0	0
12C16O_24h_100_P14_coass_bin.26	0	0	0	0	0	0	0	0	0	0	0	0	0	0	0	0	0	0	0	0	0	0	0	0
12C16O_168h_100_P16_coass_bin.12	0	0	0	0	0	0	0	0	0	0	0	0	0	0	0	0	0	0	0	0	0	0	0	0
12C18O_48h_100_P08_coass_bin.33	0	0	0	0	0	0	0	0	0	0	0	0	0	0	0	0	0	0	0	0	0	0	0	0
12C16O_48h_50_P10_coass_bin.13	0	0	0	0	0	0	0	0	0	0	0	0	0	0	0	0	0	0	0	0	0	0	0	0
12C18O_168h_100_P14_coass_bin.35	0	0	0	0	0	0	0	0	0	0	0	0	0	0	0	0	0	0	0	0	0	0	0	0
12C16O_72h_100_P16_coass_bin.3	0	0	0	0	0	0	0	0	0	0	0	0	0	0	0	0	0	0	0	0	0	0	0	0
H2-18-all-fractions_metab_91.Actinobacteria_71_22	2.00814	2.8242223	1.8887515	2.4006374	0	1.8071208	1.4840331	1.7281483	1.1797478	1.4417893	0	1.050375	1.7563354	1.5838141	1.9512472	1.5505663	1.8402176	1.32507	1.628444	0	1.1829231	1.5932018	1.7726682	1.4361225
12C16O_0h_50_unf_bin.25	6.103079	4.613616	4.28863	6.907944	2.9104772	3.5603578	4.4484377	3.1564305	2.7508707	3.7938952	1.8937104	2.1285098	5.5027494	3.7377274	3.5616977	5.060415	3.3967493	3.1479466	4.708295	2.131787	2.3893318	4.8296947	3.1585784	3.3347409
12C18O_48h_100_P16_coass_bin.33	0	0	0	0	0	0	0	0	0	0	0	0	0	0	0	0	0	0	0	0	0	0	0	0
12C16O_24h_100_P08_coass_bin.19	0	0	0	0	0	0	0	0	0	0	0	0	0	0	0	0	0	0	0	0	0	0	0	0
H2-18-all-fractions_metab_conc_22.Proteobacteria_61_13	0	0	0	0	0	0	0	0	0	0	0	0	0	0	0	0	0	0	0	0	0	0	0	0
H1-18-all-fractions_conc_125.Pseudonocardiales_71_10	0	0	0	0	0	0	0	0	0	0	0	0	0	0	0	0	0	0	0	0	0	0	0	0
